3082
805
740
746
791
231
189
194
191
144
206
197
193
179
162
183
222
157
198
196
240
56
51
60
64
73
33
56
27
53
27
46
68
38
32
64
57
56
29
29
30
48
49
51
58
47
39
62
49
30
56
47
60
36
56
22
65
33
38
51
40
39
44
50
50
59
61
52
50
42
24
44
47
43
49
60
46
52
57
40
47
72
39
58
71
19
20
10
7
11
16
7
17
15
15
9
21
17
6
17
24
20
7
22
24
8
0
10
15
24
2
19
11
8
8
10
1
8
19
14
12
3
2
16
6
24
2
6
14
17
19
24
8
22
7
2
7
6
2
23
1
11
19
20
14
1
24
22
10
2
13
18
23
0
17
7
5
23
0
5
1
3
7
6
14
1
10
13
24
5
22
5
17
18
17
15
1
15
18
19
6
14
20
12
1
3
4
20
12
4
18
16
24
12
20
6
11
11
9
1
9
17
17
14
8
22
24
1
0
17
0
19
24
3
12
8
13
11
21
22
2
6
1
5
10
24
21
20
0
11
4
18
0
17
0
8
13
14
23
12
2
22
0
13
5
7
2
16
14
0
7
18
19
20
4
17
9
21
9
0
20
15
22
8
14
14
21
22
4
21
10
2
19
13
4
10
23
16
7
11
8
10
0
1
13
2
7
11
24
11
19
3
14
19
7
15
2
10
24
7
8
4
11
22
23
15
23
0
8
8
20
22
2
17
11
6
23
13
4
17
6
5
8
10
24
21
24
15
12
7
17
1
14
24
0
22
12
23
19
14
15
