44187
11240
11153
11097
10697
2797
2878
2667
2898
2644
2879
2913
2717
2626
3198
2576
2697
2626
2887
2562
2622
669
675
691
762
674
690
827
687
717
626
688
636
776
793
667
662
625
665
683
671
701
673
766
739
667
758
822
666
734
626
673
684
622
685
617
702
780
742
667
1009
627
752
602
595
696
629
763
609
746
670
508
702
772
558
778
779
571
767
582
642
667
587
680
688
153
187
187
142
162
197
191
125
165
131
226
169
163
195
233
171
210
195
156
113
176
177
237
100
217
211
143
256
201
141
177
168
153
230
193
141
153
146
156
171
156
152
255
125
165
203
188
80
189
195
195
197
210
185
176
222
159
174
156
178
159
189
178
136
239
114
119
153
177
201
152
135
124
186
166
207
220
119
128
204
140
178
179
204
78
215
190
190
152
166
260
188
144
174
172
249
128
167
205
167
192
199
174
193
211
196
219
196
107
236
173
150
173
151
192
218
170
136
144
176
185
209
140
139
137
179
138
230
169
115
161
177
182
144
203
156
137
149
159
172
136
193
219
154
239
215
177
149
187
204
216
135
139
178
176
174
225
233
302
249
205
151
103
168
207
201
145
199
154
179
120
149
136
153
179
127
169
193
158
176
132
193
189
115
258
179
126
200
157
204
87
161
210
132
214
190
163
110
193
204
160
78
108
162
194
185
178
145
211
176
165
220
171
180
136
71
199
240
135
204
209
224
177
169
199
197
95
80
137
186
240
204
187
146
115
134
168
206
129
139
150
131
197
189
133
160
151
143
178
180
145
177
149
180
193
166
28
47
66
12
46
65
41
35
60
45
42
40
5
53
35
49
49
6
82
25
61
51
29
56
74
8
82
27
40
24
21
40
36
41
48
40
22
46
21
42
69
71
55
31
64
72
24
9
71
25
39
28
53
41
41
60
60
54
63
56
43
52
34
42
62
66
43
39
40
74
42
39
22
59
56
19
31
26
29
27
44
48
42
42
43
50
25
59
70
61
31
75
20
47
4
29
56
54
39
68
77
36
65
33
30
21
45
47
65
78
46
67
67
48
22
64
31
29
25
56
63
45
26
43
59
23
28
58
57
63
25
8
49
77
62
42
62
35
58
38
78
5
9
49
43
41
45
24
27
31
57
31
24
51
14
67
23
26
60
62
28
58
25
45
49
38
24
41
62
86
64
43
29
60
27
9
51
25
79
10
50
45
59
49
26
44
56
62
24
22
10
24
23
33
86
47
47
60
30
58
62
66
43
24
54
32
55
56
59
60
26
65
31
28
59
67
33
53
28
62
73
28
58
63
57
3
59
40
39
26
74
35
43
47
41
25
59
7
68
44
48
48
29
34
64
29
12
84
42
59
37
40
47
25
36
28
76
56
61
46
31
24
41
18
21
30
47
21
62
38
10
43
22
75
30
50
76
51
35
39
61
27
23
41
16
25
55
39
23
43
11
47
26
74
45
41
53
23
33
57
65
59
41
42
61
59
63
37
8
57
45
9
10
38
23
57
42
47
44
71
24
4
72
40
32
79
40
27
58
66
9
46
56
64
59
25
16
8
8
46
41
35
72
67
55
26
67
42
83
37
8
62
39
27
42
44
47
47
42
30
43
75
78
64
48
47
45
48
26
25
70
23
47
61
43
23
22
70
48
32
77
44
63
65
47
22
53
6
58
21
42
46
40
51
56
58
66
42
41
18
47
47
27
71
67
55
21
56
44
56
47
27
63
45
39
46
60
45
64
42
62
27
32
75
58
55
41
65
75
52
33
36
8
58
21
20
67
44
61
64
40
47
43
43
57
21
20
52
56
46
31
40
39
47
27
38
47
48
72
25
47
60
65
46
25
56
68
21
42
43
27
24
22
26
66
30
57
24
52
43
44
37
62
42
36
63
46
64
20
25
9
86
24
21
51
43
41
29
27
40
28
60
40
51
24
44
45
25
40
49
60
81
54
60
14
41
9
61
31
14
38
59
8
56
57
28
55
37
45
55
25
57
9
60
28
47
46
72
39
46
21
47
61
27
22
43
25
47
44
41
43
21
23
70
5
61
45
42
65
20
24
42
22
48
21
58
84
30
37
82
38
62
48
40
42
24
79
58
58
44
55
52
62
46
41
24
42
70
58
45
11
35
62
20
39
66
80
28
58
38
40
63
46
67
39
29
23
44
5
39
55
40
22
65
45
46
39
58
40
39
42
47
45
40
46
35
66
78
25
81
76
51
62
72
89
79
65
89
55
40
63
48
41
53
36
43
24
48
11
29
21
42
24
47
49
48
45
51
36
75
61
65
20
55
26
50
22
47
42
66
26
65
62
60
5
27
52
45
41
41
5
23
31
61
25
61
39
24
45
39
25
27
26
24
58
45
6
46
84
43
57
40
27
3
68
53
24
24
48
28
75
42
46
44
60
8
65
38
23
50
22
41
32
37
37
61
30
65
63
34
52
40
22
26
60
7
74
57
61
66
25
28
60
66
21
42
33
30
78
59
27
36
44
22
63
28
63
53
36
52
21
9
12
45
39
51
61
10
58
63
47
42
53
42
13
24
41
73
23
77
57
29
35
69
31
64
17
51
17
42
24
27
24
46
66
57
86
44
44
30
51
50
52
7
22
27
7
22
34
27
18
29
46
65
9
42
58
46
50
40
23
46
36
80
48
29
47
54
39
50
28
28
43
35
82
51
41
72
40
23
54
33
26
52
44
45
87
44
25
63
44
39
24
38
56
62
48
24
38
26
6
29
26
10
61
52
41
45
62
82
56
40
45
40
9
41
38
69
32
65
43
81
42
43
23
58
80
63
55
23
43
56
56
47
42
24
39
51
25
84
78
33
37
49
41
6
40
8
38
6
31
5
26
42
27
42
45
49
30
62
76
58
68
38
52
8
83
61
38
63
23
63
40
28
34
44
17
27
46
25
54
29
20
31
62
18
47
41
76
41
41
48
55
7
47
20
21
22
25
71
25
42
58
25
52
27
29
23
76
45
22
54
36
62
65
26
28
22
22
61
22
50
45
43
48
56
21
26
34
28
56
25
40
55
54
29
42
44
51
43
43
25
20
57
38
55
47
37
30
36
22
61
54
27
59
40
45
42
61
45
39
22
80
25
3
0
1
24
17
4
22
4
23
2
24
17
3
2
4
3
17
3
3
23
20
21
20
4
20
1
18
2
16
19
0
0
4
23
18
15
24
0
3
18
18
0
20
4
1
20
4
15
2
1
2
0
17
4
16
16
1
16
0
18
4
3
21
21
4
0
21
24
2
2
1
1
23
20
22
17
1
17
4
3
17
2
18
24
21
24
2
4
1
24
4
0
2
15
19
20
17
24
16
17
3
2
2
1
24
19
18
21
4
2
0
21
4
18
2
16
2
17
4
1
17
1
0
3
3
17
17
3
1
17
2
16
19
20
0
2
24
19
1
4
1
15
4
20
0
4
15
3
2
19
4
21
2
3
15
1
4
4
17
17
3
20
22
24
3
24
22
22
0
15
24
16
0
0
16
15
21
19
1
23
21
15
19
17
3
17
3
1
4
3
1
1
23
24
23
1
18
1
4
2
2
17
18
2
2
3
19
4
19
16
1
17
3
17
17
4
2
4
17
18
23
19
0
18
1
24
16
19
3
24
3
24
21
17
4
21
23
15
3
15
21
4
16
2
4
3
22
23
0
0
17
17
1
19
1
21
21
2
24
15
2
22
23
19
19
0
24
0
1
2
21
15
16
3
1
20
4
24
23
23
0
1
18
23
20
1
17
1
1
2
3
16
4
19
20
16
3
18
18
17
1
0
16
2
3
1
23
4
2
3
17
4
0
22
4
3
4
22
1
0
4
2
18
20
3
21
3
21
15
4
4
19
17
3
2
20
0
23
16
4
4
15
16
15
2
19
2
2
21
2
15
21
21
3
23
23
0
23
16
22
1
22
4
4
15
19
23
18
1
0
15
4
4
2
19
22
0
3
1
0
2
3
23
1
17
23
15
1
21
16
1
16
18
20
0
1
21
24
23
0
20
17
16
24
15
4
17
0
0
22
21
22
4
4
23
2
3
23
4
0
16
2
0
3
3
2
24
16
3
18
23
3
22
23
4
16
18
22
19
19
2
0
24
20
21
22
4
20
23
24
18
2
4
24
20
0
4
2
0
16
4
24
17
19
4
23
1
3
19
4
2
4
1
4
2
18
15
2
18
21
24
23
16
0
19
3
21
2
0
21
3
2
24
0
15
4
23
15
0
21
0
3
4
16
23
3
0
2
24
15
0
19
18
15
4
20
3
20
21
19
4
20
1
0
3
2
1
2
24
21
1
3
19
23
15
20
21
19
22
0
15
22
3
2
24
18
16
4
15
0
2
18
22
0
18
18
0
22
0
16
17
19
23
19
1
1
2
1
2
4
3
0
2
22
3
22
21
15
3
4
15
3
4
19
4
0
24
17
19
0
4
1
1
20
2
4
4
3
22
2
16
19
18
4
1
4
23
3
0
24
0
0
16
17
16
2
4
3
4
3
1
23
20
23
0
19
1
3
21
2
3
0
20
24
1
15
18
24
17
3
2
23
0
3
2
16
23
17
1
22
0
2
21
4
16
4
24
20
2
3
1
0
20
17
3
3
17
1
19
1
4
17
20
22
17
3
16
23
24
23
24
16
22
2
0
3
19
21
2
4
22
1
4
23
18
15
4
18
2
3
2
3
4
0
2
23
23
3
19
3
0
3
23
20
15
21
1
3
3
3
0
22
4
24
2
3
18
22
4
21
16
18
2
22
23
2
3
0
20
3
24
3
2
15
2
16
20
18
0
21
24
17
4
0
19
1
0
17
2
3
3
3
1
3
1
0
2
21
0
2
4
17
17
1
0
15
24
23
15
24
3
4
18
22
1
0
24
22
0
23
21
16
3
2
1
24
18
22
15
3
3
20
24
15
2
22
19
23
16
0
24
3
19
1
3
1
22
15
0
17
22
4
2
4
15
3
17
20
1
15
16
24
17
21
3
18
24
17
1
18
2
20
1
3
3
24
15
23
3
20
4
4
4
21
1
2
16
20
22
1
15
16
18
18
22
4
4
3
23
3
4
23
1
2
1
24
23
15
20
4
17
16
24
16
4
0
3
21
22
2
19
15
23
20
0
20
15
18
1
23
0
0
1
2
15
24
4
16
1
4
17
18
2
1
17
19
3
16
4
3
20
21
18
15
15
1
1
18
3
0
18
22
20
3
21
3
23
2
16
0
0
1
2
22
24
1
15
19
1
4
1
1
3
23
21
21
23
19
0
2
16
16
16
0
2
21
4
21
3
2
0
24
16
0
2
16
2
19
21
22
4
1
22
2
4
2
3
3
19
23
23
19
0
3
17
22
19
24
16
0
19
2
15
1
3
21
15
1
1
1
22
23
22
2
0
1
17
0
18
1
4
3
2
19
23
18
17
18
15
21
17
3
17
19
21
4
4
17
3
22
4
0
23
4
1
3
17
3
16
4
4
17
0
0
2
16
18
2
1
0
2
2
3
23
4
18
2
23
15
0
4
2
18
3
18
23
1
15
1
21
0
3
4
3
0
0
19
24
20
1
0
1
23
4
24
24
21
4
4
1
15
16
1
18
23
17
19
17
4
0
23
24
4
4
4
23
16
2
18
3
22
15
0
24
4
3
3
17
0
17
3
3
20
2
4
15
0
0
1
15
2
2
19
2
4
24
23
4
20
18
0
1
2
3
0
18
22
18
3
0
4
0
4
3
0
24
19
4
4
0
2
20
15
19
20
20
18
3
2
22
23
2
15
1
4
3
24
22
1
22
0
0
15
15
1
2
19
1
21
16
24
4
17
20
19
17
3
20
1
20
18
2
18
1
23
0
22
1
17
21
17
24
2
16
18
22
19
4
15
3
17
2
0
4
4
0
3
17
20
17
16
4
24
1
4
3
2
0
4
0
2
4
0
1
22
15
3
2
2
16
21
16
18
2
15
0
23
4
22
2
19
4
2
18
2
22
22
2
23
24
20
3
0
1
2
0
1
1
23
4
21
24
1
0
20
19
4
4
23
1
20
20
23
16
17
20
3
0
1
3
23
0
16
21
2
19
22
3
20
21
1
1
3
4
1
19
4
22
1
17
21
17
2
17
21
24
3
16
21
19
2
3
18
2
15
0
0
1
2
2
3
1
4
0
2
2
22
3
4
17
3
0
19
19
17
15
1
2
20
21
16
15
0
20
23
24
3
20
16
16
1
21
3
1
22
4
17
24
0
1
20
21
18
22
22
21
2
2
18
15
4
0
1
3
23
20
4
15
1
18
19
1
1
4
21
1
3
16
23
0
2
20
22
0
4
24
4
15
21
19
4
3
4
22
1
15
22
4
2
2
22
4
16
1
18
22
20
15
19
22
19
18
22
2
22
18
1
22
24
1
2
23
18
4
3
20
19
3
3
2
21
22
0
2
2
22
0
1
24
0
22
3
22
23
4
19
0
0
21
19
3
4
19
19
2
21
2
23
17
1
2
16
4
1
1
2
19
0
20
4
22
24
21
2
2
23
4
21
4
3
18
22
20
17
20
0
22
2
23
22
15
3
23
1
17
24
19
22
4
2
1
19
0
2
1
24
4
24
0
4
1
1
23
0
17
18
1
1
19
0
1
4
15
22
1
1
24
20
2
4
18
16
0
23
4
24
21
16
3
16
17
17
1
23
15
16
17
18
19
18
4
1
20
0
18
3
2
0
15
1
1
3
23
20
4
19
2
22
24
1
1
1
17
17
20
17
17
16
16
18
1
17
19
18
15
1
2
3
16
3
15
22
1
2
17
24
16
20
3
17
24
4
17
2
23
4
0
0
21
19
4
19
24
17
4
0
1
19
4
15
1
2
20
23
17
17
3
23
4
18
2
21
18
24
20
2
16
1
24
1
0
23
16
23
3
1
0
23
23
1
4
4
19
16
16
24
19
17
2
20
1
15
18
21
0
23
1
17
15
3
24
23
17
23
16
19
17
1
15
19
0
2
16
15
15
4
1
16
1
2
1
4
20
20
3
15
0
1
4
16
3
0
2
15
20
2
23
22
22
0
21
1
20
19
22
0
23
22
19
0
22
15
0
3
2
2
23
20
2
23
0
18
15
23
2
3
21
16
16
4
4
0
15
2
2
0
2
16
3
22
3
24
15
23
2
16
1
4
18
23
4
23
2
2
2
21
1
16
15
2
18
4
4
21
20
2
23
1
3
0
20
2
16
0
17
3
23
4
2
23
3
20
4
23
22
23
3
18
4
0
1
20
23
3
15
21
24
0
20
21
3
21
24
17
3
2
4
3
18
0
18
17
17
4
2
24
21
21
1
1
1
18
18
1
19
4
15
2
23
3
0
22
3
2
2
16
2
4
2
17
3
0
4
2
16
4
23
2
17
24
4
0
22
4
16
23
18
0
19
0
1
4
2
15
18
17
1
22
3
17
4
2
16
22
17
2
2
16
23
16
3
20
18
2
1
21
0
17
17
2
0
21
23
19
3
20
3
20
17
3
23
21
0
17
1
2
4
4
15
2
1
2
4
2
21
22
21
22
0
1
0
23
1
2
0
18
22
4
24
1
21
2
20
0
0
23
18
0
3
21
3
2
4
18
2
3
0
15
21
4
2
21
4
1
20
21
19
0
3
16
17
4
16
15
20
0
22
2
0
0
23
2
0
19
24
1
2
18
17
2
2
4
3
21
15
1
24
18
4
3
20
3
19
18
22
19
22
18
16
21
17
0
24
0
16
20
2
4
4
4
3
15
21
2
3
0
3
3
18
18
22
3
4
1
4
22
4
4
3
3
0
4
16
18
18
21
0
20
3
1
1
3
19
0
22
15
16
18
0
23
23
2
1
2
2
15
23
15
4
15
16
2
1
1
24
19
15
19
2
19
4
21
0
0
0
20
17
20
4
4
0
1
18
21
2
19
1
3
0
24
15
15
0
17
2
20
0
24
24
4
20
24
3
0
17
19
20
1
22
3
16
0
2
3
21
4
1
21
3
22
18
18
4
17
2
4
1
17
2
2
15
2
22
4
4
2
16
3
2
24
19
2
1
22
2
19
18
1
2
20
16
23
1
3
2
15
4
0
2
0
2
19
16
17
19
18
3
2
0
0
23
2
20
16
20
1
0
24
20
1
4
17
20
23
2
20
0
15
3
2
4
17
3
0
18
0
22
2
0
18
2
2
21
3
21
3
15
4
1
1
15
21
20
2
23
18
19
24
1
23
2
4
17
17
3
0
24
16
18
24
0
4
17
17
20
22
0
20
19
4
1
24
0
18
0
22
21
2
16
3
0
3
21
0
22
17
16
24
17
17
22
2
17
22
19
0
16
4
20
4
19
0
19
17
1
17
15
19
22
24
1
15
19
3
21
3
18
17
4
2
16
2
4
2
3
15
0
24
21
4
24
21
22
17
16
3
20
1
4
20
4
4
0
3
1
4
15
15
3
22
19
18
0
15
4
1
17
17
4
1
4
18
24
20
22
22
19
17
24
0
3
1
3
22
16
17
16
3
3
16
4
1
15
20
19
19
21
4
15
15
15
1
15
16
21
15
18
1
20
0
3
2
3
21
2
18
2
1
19
4
0
21
0
0
4
1
2
18
4
15
15
20
16
4
4
17
15
4
0
1
18
3
22
20
22
1
3
21
18
3
4
4
18
20
0
4
18
17
16
22
3
17
1
21
3
15
3
15
20
1
1
20
21
0
2
24
17
4
18
2
24
1
17
2
19
2
4
19
21
2
0
2
17
16
18
22
23
3
16
24
20
18
18
3
4
0
21
15
21
24
15
16
21
24
0
16
16
19
17
24
1
20
17
21
17
17
22
20
23
24
24
16
18
21
4
22
19
20
23
22
20
24
0
16
23
16
22
17
1
0
0
21
24
18
1
3
23
21
19
1
17
4
18
17
16
2
15
15
2
4
18
21
3
1
2
1
3
18
19
3
2
24
1
3
3
4
4
1
1
23
0
1
18
2
21
18
0
3
3
3
1
17
4
17
2
24
16
15
0
18
4
18
3
23
22
18
2
3
0
17
19
15
17
16
0
3
4
24
23
24
17
1
24
19
22
20
22
1
1
16
3
0
19
15
21
0
1
19
3
3
1
23
2
24
2
1
16
3
0
23
20
4
18
0
1
23
19
1
22
24
4
0
3
19
4
18
21
22
19
24
1
18
21
3
18
18
0
2
1
2
21
4
0
2
15
16
21
0
3
1
17
24
18
4
4
15
18
19
4
0
2
0
0
3
1
3
1
18
23
0
4
4
3
20
21
17
22
3
0
0
20
16
4
21
17
20
1
1
0
0
1
23
17
3
3
22
1
20
3
15
0
1
21
3
22
3
2
0
3
15
4
4
0
0
24
0
21
2
15
20
4
19
0
22
1
0
2
3
21
19
2
4
21
24
17
22
3
1
24
15
22
18
0
17
16
0
3
21
2
20
4
1
0
0
3
0
24
2
18
24
20
17
16
0
21
2
1
0
3
2
16
3
24
23
1
0
2
4
3
19
24
15
20
16
1
15
24
2
23
1
18
4
2
18
4
20
20
24
16
0
0
3
1
4
23
23
4
15
1
1
19
17
15
3
3
2
16
17
1
16
0
0
2
20
20
21
0
0
4
20
4
4
1
0
15
21
1
15
17
4
17
21
20
3
3
3
3
21
23
23
19
0
24
22
1
16
16
1
2
15
18
15
15
4
22
2
1
15
1
16
1
4
21
2
2
1
23
18
17
2
1
4
0
2
18
23
16
17
16
1
19
21
21
1
16
23
22
17
23
4
4
2
19
0
22
4
0
2
19
19
1
21
4
22
17
23
19
1
0
1
1
2
23
16
4
2
3
24
3
23
2
2
15
23
17
23
21
1
17
20
4
1
4
18
15
4
17
0
19
1
2
22
15
1
4
2
24
17
4
18
4
0
1
23
22
0
20
21
0
16
22
15
16
4
1
15
15
16
20
1
3
0
1
17
0
1
4
4
1
3
4
4
2
0
19
24
20
15
2
2
24
3
4
20
2
20
17
22
3
2
1
4
22
1
19
16
2
19
23
19
21
23
0
3
4
15
19
4
15
17
20
1
1
24
17
0
4
3
4
2
15
4
4
1
4
1
18
18
17
15
20
21
0
4
4
15
22
23
15
17
15
20
0
22
22
3
2
2
4
24
3
4
16
18
19
16
4
22
2
3
24
23
17
0
1
1
15
0
3
2
22
24
1
0
1
15
4
18
0
20
2
1
17
4
1
19
3
4
4
3
1
16
19
4
1
22
22
2
21
21
0
22
17
18
21
18
24
23
24
4
0
16
21
21
1
1
3
3
0
24
16
16
17
2
4
18
4
24
22
24
4
2
2
0
4
1
1
0
4
17
4
18
2
3
2
3
1
1
17
2
3
0
4
4
2
24
1
24
0
2
0
15
2
1
21
3
3
2
4
17
22
3
21
23
20
1
2
0
4
3
21
17
3
1
15
24
17
2
18
1
23
4
2
22
23
3
1
4
20
15
15
2
2
4
17
4
21
4
2
15
18
1
19
16
24
21
22
0
23
3
21
0
4
4
2
4
24
17
4
23
23
4
17
19
1
2
21
23
4
2
0
2
23
3
2
0
2
24
22
0
20
1
2
15
17
1
20
23
24
15
22
4
1
24
1
22
0
18
4
21
24
23
3
15
4
18
2
1
20
0
18
20
15
1
23
3
4
3
0
3
20
3
22
2
24
4
3
21
20
0
1
19
3
22
20
21
23
23
4
19
0
21
2
3
18
2
4
22
22
15
3
16
21
4
3
19
1
16
2
4
18
0
19
0
1
18
4
19
15
18
1
16
22
23
3
0
21
24
16
3
2
3
1
17
4
16
1
1
0
24
4
0
2
0
1
1
3
24
0
0
2
24
3
4
0
3
21
1
20
19
24
4
3
21
0
19
2
20
2
0
22
21
16
24
2
20
16
20
24
22
19
18
1
18
3
1
18
18
1
21
2
21
1
23
15
1
1
4
1
3
20
15
4
2
17
20
0
1
23
22
21
3
2
4
23
3
21
18
4
22
16
1
24
2
21
15
23
22
21
17
0
4
4
20
19
0
3
2
18
0
21
1
20
16
22
20
17
21
24
20
15
4
17
18
19
1
0
18
2
3
3
21
17
2
15
3
17
21
15
18
4
19
4
0
22
21
3
24
0
15
3
17
0
4
0
16
1
22
1
22
24
4
21
2
0
2
22
23
22
17
17
22
16
23
15
1
15
2
18
2
16
1
24
22
2
1
4
21
16
0
0
3
2
1
23
2
15
0
2
1
2
3
0
18
4
16
2
0
2
2
24
2
2
3
0
2
2
1
20
2
4
0
17
22
1
2
23
1
3
0
22
0
20
0
3
2
23
17
16
17
15
1
22
2
3
3
18
22
20
2
24
18
18
16
18
2
15
23
20
15
17
16
20
1
2
15
3
22
3
24
4
1
1
2
15
22
24
22
16
2
19
24
20
1
16
1
18
2
24
19
4
1
3
15
21
22
20
0
0
24
1
15
23
0
1
4
15
0
3
16
18
0
24
2
0
1
15
1
3
2
18
4
18
0
24
4
2
2
3
18
17
2
19
16
4
20
1
4
3
17
0
0
0
4
4
23
23
23
1
15
1
1
1
15
24
3
18
2
20
1
16
4
16
22
18
20
0
18
2
21
0
22
19
0
3
21
20
4
3
24
24
4
1
1
3
2
4
18
21
4
2
2
1
15
19
0
1
1
2
16
3
1
2
3
17
3
20
16
17
18
1
3
18
3
21
3
3
15
19
22
17
0
1
2
3
19
1
16
15
20
4
0
23
0
23
2
0
4
0
22
1
0
15
23
22
16
4
24
2
15
0
16
3
3
3
16
18
17
15
0
19
2
24
15
20
3
22
2
20
21
17
4
3
2
4
3
0
21
2
0
16
4
2
17
3
0
20
19
1
21
20
0
2
0
0
23
4
23
24
16
1
4
18
1
3
21
4
21
2
21
19
16
20
1
4
0
0
17
2
0
23
1
18
1
15
0
0
23
2
3
2
15
21
18
4
17
3
1
0
4
19
17
23
16
1
15
17
2
15
20
23
1
3
2
20
3
15
4
22
18
4
0
21
4
3
23
18
2
1
22
17
2
0
24
2
0
19
4
4
0
1
15
18
1
15
23
0
17
3
18
18
16
4
17
22
4
1
20
18
0
1
18
3
3
23
1
19
17
0
0
3
16
3
0
24
17
18
2
23
4
23
4
2
20
4
1
18
4
20
17
19
0
3
18
20
24
0
1
4
3
17
18
16
22
20
3
18
4
22
1
16
3
4
16
19
1
1
1
18
21
18
23
4
0
0
21
