2873
701
653
894
625
197
134
172
198
125
183
227
118
217
240
235
202
120
145
158
202
70
58
43
26
23
44
36
31
29
27
78
38
59
68
43
28
11
48
57
9
62
38
23
60
67
58
58
44
21
24
8
65
66
40
41
70
84
50
57
49
66
59
56
54
20
47
61
74
9
50
30
31
44
59
31
11
42
48
46
22
55
28
38
81
22
1
23
24
19
1
19
19
4
24
15
0
0
4
21
1
2
16
3
2
3
17
24
0
0
16
18
2
4
1
2
24
2
23
3
1
4
20
3
0
19
19
19
21
0
19
15
4
17
23
15
4
22
19
4
23
1
1
18
23
24
1
2
1
3
4
4
0
4
18
22
4
17
20
19
1
1
4
3
1
18
22
18
4
0
17
21
0
4
1
3
15
23
15
1
21
24
0
24
19
3
16
15
24
15
22
4
17
3
16
2
23
1
0
3
17
2
2
4
16
0
0
4
4
21
23
3
18
4
24
20
18
15
2
19
4
0
21
18
2
22
24
3
21
20
21
21
22
17
17
1
15
4
15
20
18
22
0
4
23
24
16
4
22
21
17
4
17
19
16
20
1
2
16
17
19
2
1
16
1
18
22
3
4
18
3
21
19
17
16
23
18
4
3
2
0
24
1
24
1
22
0
4
4
4
4
0
23
23
17
0
4
22
1
19
17
3
3
2
23
3
3
2
3
3
22
2
15
19
1
24
4
1
19
24
2
17
3
1
1
1
15
23
16
23
4
1
0
15
0
20
3
19
17
23
22
