175982
44407
42850
44434
44291
10588
11332
11211
11276
10682
10723
10853
10592
10969
11077
11355
11033
11148
11270
10930
10943
2449
2580
2678
2881
2886
2636
2980
2830
2880
2800
2979
2552
2738
2949
2825
2764
2821
2452
2617
2792
2511
2707
2780
2725
2883
2484
2740
2746
2382
2828
2694
2688
2932
2758
2654
2625
2594
2806
2744
2933
2947
2897
2810
2701
2735
2896
2521
2881
2769
2705
2708
2966
2653
2835
2858
2924
2864
2722
2740
2604
2868
2623
2777
2675
549
708
601
591
595
712
638
635
661
640
667
710
772
624
786
699
663
751
714
758
747
516
791
582
779
718
655
828
831
712
728
559
800
745
595
740
768
677
776
579
733
719
784
743
638
797
502
615
786
629
714
609
650
715
791
793
668
744
759
654
589
741
678
756
731
734
589
767
606
574
602
670
598
693
633
693
630
770
706
686
544
751
661
555
640
695
677
695
789
550
661
780
679
740
676
630
791
694
810
588
652
701
560
571
698
714
698
630
649
708
704
685
498
536
592
756
651
740
658
779
771
660
711
552
718
567
613
790
754
664
784
730
639
669
733
717
608
666
612
768
575
654
667
729
556
688
701
649
654
680
746
726
602
657
706
779
766
755
753
659
797
668
725
757
774
770
681
672
742
678
722
668
616
621
609
855
751
601
681
702
688
744
805
659
580
706
631
604
732
624
752
773
839
707
649
574
703
603
765
634
658
756
524
770
632
808
833
693
608
676
695
674
733
790
758
554
679
685
648
846
734
643
783
764
685
754
735
690
489
639
881
713
826
639
580
695
609
652
613
730
732
767
620
749
657
666
714
586
572
717
670
818
572
753
696
654
89
116
157
187
171
209
139
189
124
138
164
175
140
168
133
150
123
192
176
104
222
120
159
211
181
156
177
124
158
137
159
181
176
164
176
145
174
159
156
151
138
222
124
183
204
151
195
160
217
219
162
174
185
132
113
194
219
216
177
174
134
203
164
198
175
147
144
197
165
166
170
250
199
202
181
132
181
187
209
181
225
187
160
175
117
110
162
127
187
214
208
182
115
178
162
127
168
176
175
260
159
182
208
169
169
132
175
179
244
192
211
181
211
194
239
187
109
217
191
195
218
186
162
162
88
149
134
188
149
216
190
245
199
164
219
163
167
188
134
106
130
182
258
170
241
149
180
198
152
156
215
154
249
168
169
190
165
160
113
141
189
165
206
173
158
160
172
229
268
198
156
162
141
225
198
179
130
210
186
112
152
248
197
200
106
115
156
125
140
152
110
213
187
169
215
215
136
191
149
153
176
152
220
166
141
102
217
149
111
194
201
144
188
157
192
178
215
171
230
175
246
180
137
230
199
177
135
157
178
187
202
177
200
155
196
208
209
154
173
118
179
159
122
129
172
157
205
207
185
90
206
197
193
215
165
183
213
175
130
213
170
213
153
198
67
203
150
169
204
166
168
229
117
119
214
156
120
119
190
145
175
91
153
183
115
146
269
140
92
209
174
123
148
225
174
146
151
164
165
153
136
224
193
140
124
143
191
172
185
214
182
189
203
215
135
153
170
199
121
196
176
110
105
153
137
202
236
176
226
124
137
174
158
146
121
130
138
191
214
97
198
154
148
195
166
100
171
240
186
157
172
180
139
155
262
233
118
190
177
65
225
159
141
136
153
201
212
214
167
142
192
178
122
244
244
130
164
195
173
144
144
154
195
137
223
203
211
154
115
213
174
192
208
170
251
181
186
85
154
163
197
157
122
176
162
181
251
107
189
110
161
100
193
123
118
137
171
210
149
168
148
215
146
205
178
165
191
164
205
181
125
119
161
158
199
131
159
223
211
115
195
152
170
187
195
217
94
179
130
108
118
142
162
119
102
153
187
64
148
193
223
203
171
159
129
163
189
170
222
174
188
156
160
148
117
233
199
217
193
170
194
200
141
236
194
147
202
117
173
188
139
211
151
129
116
156
178
150
212
178
121
172
142
132
177
145
126
165
186
191
183
230
175
166
204
209
199
123
167
175
185
190
217
192
159
181
219
171
185
154
118
182
112
203
164
190
163
231
154
185
142
144
223
208
151
199
149
109
163
170
160
173
194
115
143
160
214
175
169
210
142
170
132
131
192
128
186
148
108
130
210
219
160
163
172
234
118
126
175
137
233
223
91
141
170
137
208
186
157
163
185
144
159
174
176
145
117
132
224
207
197
189
220
140
137
211
147
231
143
152
197
110
169
174
125
189
214
184
181
127
236
129
187
227
141
206
183
236
186
167
175
227
189
177
145
242
202
196
154
107
180
195
211
211
196
141
161
170
165
150
241
169
215
215
164
163
164
173
227
210
188
238
197
147
144
170
170
197
134
159
192
187
192
147
175
228
154
181
176
167
191
164
177
190
159
166
145
198
174
152
196
94
119
184
182
136
142
192
125
150
197
183
262
213
227
182
217
125
174
143
156
128
167
196
173
145
180
137
233
152
186
190
184
128
197
130
213
204
197
190
245
173
185
153
196
125
127
169
173
111
151
171
166
218
143
154
141
193
163
149
175
117
182
189
195
166
116
233
143
132
137
254
210
151
202
172
274
125
225
200
189
225
181
119
198
209
140
168
141
200
140
168
140
126
181
185
192
145
116
193
115
179
226
186
176
177
144
110
154
226
181
200
135
142
198
204
176
178
140
133
169
82
206
235
172
157
176
154
115
187
224
172
202
210
211
175
193
254
134
168
217
174
142
186
117
163
132
231
123
190
228
152
148
167
207
106
142
219
200
185
221
127
211
231
198
150
99
174
234
251
107
167
159
121
175
123
196
185
202
164
138
181
111
197
135
205
179
216
201
250
189
210
187
148
171
239
144
89
199
144
229
211
186
219
169
190
186
101
211
187
157
278
160
159
205
193
116
221
104
195
227
164
101
181
142
65
173
123
182
161
214
235
196
236
201
179
171
162
186
219
201
220
148
197
132
162
164
139
121
156
199
129
202
165
201
85
178
145
212
126
88
226
138
140
213
122
154
220
185
171
123
198
226
185
195
210
218
144
199
156
150
115
247
180
135
187
194
174
159
130
153
170
211
132
165
210
225
114
83
188
179
136
120
178
190
84
206
180
169
162
160
195
139
176
173
187
242
216
168
154
135
115
197
135
215
206
208
147
173
168
177
124
186
167
9
10
64
6
28
26
52
10
26
24
66
41
42
65
42
38
47
29
58
37
58
59
54
38
68
5
58
8
37
50
44
58
28
24
46
26
31
40
47
20
37
39
23
65
45
41
46
43
50
17
67
6
27
56
35
50
25
43
41
24
20
37
33
60
26
47
11
39
41
64
45
42
42
48
61
25
27
26
44
7
86
43
53
40
22
58
28
12
41
22
53
43
43
65
60
43
42
61
56
22
46
7
78
25
30
31
65
51
28
44
22
30
11
49
57
41
40
25
51
21
54
58
8
39
46
28
49
58
29
27
41
79
9
41
56
58
22
57
34
63
44
40
2
59
10
69
53
42
73
27
22
37
22
46
68
20
37
41
28
45
61
26
7
44
65
32
82
43
13
67
41
3
65
45
26
47
57
60
40
47
23
43
56
29
42
49
61
43
31
45
37
47
69
59
20
69
47
44
74
54
63
31
44
24
63
32
37
42
53
29
46
57
22
38
49
23
9
27
34
43
28
32
67
67
68
65
23
63
20
46
60
90
40
61
25
51
65
40
23
46
42
45
24
23
81
21
21
80
64
30
43
27
42
43
78
35
47
21
43
64
39
62
21
25
31
24
26
63
63
20
44
70
46
35
41
43
68
29
9
60
44
34
44
48
84
63
58
45
31
65
56
47
63
42
62
35
30
63
48
40
9
62
37
24
66
4
60
51
40
59
27
61
40
50
61
58
56
40
25
60
57
73
49
46
47
43
51
46
42
9
53
56
42
47
67
19
39
18
54
6
6
42
36
26
61
30
23
48
26
30
62
9
69
29
44
45
7
76
46
85
61
58
45
44
34
38
42
68
25
42
22
26
63
48
46
21
26
49
56
31
41
41
40
5
68
28
40
32
42
25
60
49
61
5
45
64
75
62
62
61
47
25
41
46
38
30
44
70
71
26
68
43
41
47
35
46
41
26
37
65
48
27
38
19
63
26
61
25
62
37
18
62
48
64
63
69
47
39
56
50
54
68
46
43
57
40
38
46
64
31
54
62
56
61
37
40
63
24
79
73
46
41
54
46
14
5
72
18
47
62
64
44
63
49
43
36
20
27
73
75
38
56
41
83
40
64
33
49
41
23
44
54
53
25
62
22
23
26
33
6
28
50
45
26
60
7
18
49
48
66
5
69
7
21
43
78
60
29
80
47
43
43
62
42
61
42
64
78
52
85
21
41
24
43
38
59
42
54
55
68
23
55
37
48
59
61
23
24
47
43
40
58
30
39
47
18
11
29
44
22
40
8
57
25
63
26
50
43
64
71
50
73
28
22
64
56
78
46
69
48
42
57
21
29
46
49
46
39
61
66
25
46
46
45
11
50
57
5
69
25
56
65
41
53
58
7
44
45
54
58
63
74
20
25
47
76
39
63
41
26
55
64
45
26
43
47
41
34
52
60
26
22
10
41
20
42
48
26
12
55
68
57
24
40
37
19
46
63
42
55
44
65
42
44
41
46
40
26
67
25
42
44
18
56
26
32
28
86
28
80
80
41
82
72
66
48
49
43
46
60
10
26
68
52
27
53
39
43
39
22
44
36
62
32
74
57
52
43
71
32
46
39
61
33
35
8
23
64
67
9
85
49
64
48
29
45
7
31
39
35
56
31
40
25
47
63
84
54
51
81
25
40
68
65
46
21
24
9
60
13
2
31
53
29
4
46
65
41
40
29
45
11
18
36
42
44
35
24
52
41
6
59
23
22
80
41
24
68
39
41
50
57
49
60
50
10
38
46
65
66
61
42
52
60
5
47
61
23
68
43
31
49
26
43
34
46
23
76
8
46
25
47
58
46
38
24
30
60
61
47
31
81
66
28
51
21
42
49
42
8
20
23
25
34
58
55
39
65
51
61
25
12
6
68
9
28
48
43
58
45
23
57
65
56
38
9
50
47
42
8
76
62
58
33
45
21
68
82
22
20
43
44
64
27
82
25
51
57
57
57
27
30
39
68
85
38
10
44
60
61
64
78
59
45
24
63
56
37
59
28
27
23
58
63
64
45
44
36
60
59
56
43
51
27
46
41
7
41
18
58
21
60
25
39
48
66
50
51
44
42
42
59
29
72
41
29
38
69
58
67
29
46
47
47
58
3
42
23
87
44
63
19
79
47
39
77
47
46
22
43
59
30
40
22
39
72
50
23
8
37
44
59
51
25
26
45
37
51
44
43
10
25
10
12
61
46
33
50
26
63
41
26
62
28
60
61
22
62
44
59
56
48
79
12
72
22
39
6
10
35
79
26
61
40
57
49
45
46
58
49
41
45
48
42
61
64
54
26
46
39
69
42
29
43
66
47
57
43
52
21
57
45
40
20
40
30
45
42
67
59
73
29
2
66
73
68
29
43
57
21
21
54
66
44
66
22
8
26
8
25
39
52
58
54
68
24
35
23
34
52
41
42
50
40
45
69
48
26
44
48
22
33
54
59
76
27
65
61
45
9
52
11
44
8
26
41
86
24
46
58
26
38
37
55
19
48
25
28
18
51
29
21
50
59
46
35
41
10
38
56
33
2
54
86
23
23
18
27
24
47
43
39
50
24
72
37
46
9
4
56
41
59
11
35
81
67
81
40
25
51
42
22
23
38
6
25
36
62
81
30
49
46
55
24
29
9
43
42
29
39
39
41
87
64
43
31
26
46
61
41
34
31
4
77
21
55
37
38
48
23
64
29
7
81
27
50
38
49
21
45
31
26
3
76
46
48
62
68
79
21
51
42
29
24
43
44
3
26
39
56
70
47
22
4
58
45
41
47
22
37
63
50
7
49
62
67
47
38
67
62
30
51
78
23
47
39
60
43
53
51
40
59
55
61
44
55
62
29
9
35
37
8
59
49
67
5
49
49
54
30
70
45
8
26
47
40
42
51
45
58
42
63
46
25
20
7
25
58
18
28
32
27
58
40
25
30
49
51
26
11
39
82
43
38
62
54
63
57
53
44
35
44
65
41
75
45
39
40
26
19
44
42
40
11
40
42
42
50
29
45
43
41
51
38
27
30
35
8
24
54
23
37
26
44
22
32
39
45
52
54
60
25
69
24
59
62
7
25
21
44
40
45
67
46
26
41
36
51
46
4
46
52
65
29
42
59
39
59
44
24
27
30
12
31
50
27
46
48
67
76
29
68
39
44
46
57
65
21
20
51
25
61
25
61
65
25
36
54
21
49
26
43
9
60
29
57
68
68
62
64
53
50
52
78
28
8
42
40
25
49
44
72
42
58
38
39
27
10
23
5
46
81
60
38
7
42
51
59
25
33
55
28
57
49
23
7
43
23
39
48
43
64
24
70
61
53
43
55
33
85
37
59
41
60
37
29
24
55
8
55
62
32
68
30
27
43
53
55
5
53
36
28
29
83
84
48
57
85
63
39
28
23
57
22
20
66
6
72
30
54
41
70
74
41
30
28
26
20
55
43
10
58
29
47
43
51
9
51
46
59
45
45
23
39
68
7
49
48
57
69
40
53
59
51
52
44
43
72
42
29
54
29
15
28
59
13
39
60
73
41
65
30
29
50
33
64
46
49
38
37
76
57
25
61
29
55
88
45
76
42
52
37
29
63
42
49
50
45
17
38
10
20
20
60
30
44
63
24
52
24
27
59
46
65
6
55
71
25
29
63
7
23
46
57
9
64
57
53
23
29
45
43
32
61
47
47
84
73
33
38
15
21
61
26
61
41
28
19
8
55
30
23
44
64
23
25
28
24
25
35
71
62
23
26
52
22
30
40
9
39
5
28
54
50
78
25
59
9
44
72
45
49
39
9
49
52
64
74
18
12
36
50
30
32
38
67
43
67
39
49
9
49
28
63
48
66
67
64
25
22
39
23
57
46
25
63
52
51
49
46
26
43
62
23
54
66
36
63
38
44
7
38
23
57
20
10
28
61
9
63
43
46
60
42
24
32
84
25
25
65
31
4
45
51
32
27
37
63
71
45
46
61
44
37
41
89
38
20
22
35
57
26
61
51
24
62
50
16
55
9
28
78
33
78
49
27
57
38
49
51
66
58
48
45
19
25
24
26
32
27
59
61
46
37
26
21
7
41
9
51
8
23
47
40
58
37
37
10
27
57
39
39
28
44
41
6
30
23
9
40
41
46
8
58
35
52
55
45
11
23
2
28
27
48
6
67
40
45
59
49
28
56
56
83
37
56
63
47
44
28
56
43
51
48
23
37
39
31
34
25
31
10
61
61
24
59
46
60
27
61
59
23
51
67
64
40
26
60
47
41
30
28
57
73
43
47
35
31
19
60
73
8
11
56
41
40
34
18
45
20
70
56
45
62
60
62
35
42
83
32
37
65
55
43
47
48
84
24
14
48
69
32
27
66
64
56
41
39
44
48
21
28
62
73
73
28
81
8
45
60
45
26
52
24
64
48
47
43
25
35
17
40
40
42
39
52
28
64
43
53
25
61
8
45
67
27
47
70
44
30
23
54
27
26
27
49
10
50
31
25
57
6
45
48
71
27
43
37
42
48
29
31
53
59
71
29
54
26
37
61
22
43
20
36
56
57
39
20
21
56
26
39
23
17
38
54
25
37
68
47
46
19
61
19
38
23
24
41
64
40
29
32
48
40
40
58
48
42
43
58
36
69
30
48
62
51
53
64
19
60
71
25
38
26
60
42
44
56
55
49
46
44
38
81
43
48
45
63
11
61
43
8
45
44
12
66
43
51
23
58
46
62
50
27
10
52
64
64
51
61
45
60
40
40
59
53
43
69
23
24
37
27
39
78
62
73
43
41
37
46
45
43
60
43
61
21
21
38
67
28
37
20
42
19
36
24
80
42
22
22
45
23
28
41
77
57
41
42
44
37
82
24
43
41
65
32
43
23
40
60
53
78
45
24
62
23
77
21
24
63
23
36
48
35
26
27
47
44
46
83
52
42
40
70
68
30
53
26
10
62
43
59
40
57
44
51
10
44
22
26
40
21
40
45
44
34
64
49
29
28
21
37
70
32
46
58
28
41
50
56
53
35
38
8
22
47
28
36
28
51
73
12
45
30
83
43
41
47
46
46
25
58
21
46
59
43
53
56
44
57
21
38
62
21
42
23
67
38
50
18
21
43
23
30
24
54
49
49
35
59
20
25
37
46
47
63
48
28
31
66
25
26
9
35
4
60
10
24
40
56
44
44
77
45
77
36
64
42
47
31
39
43
56
21
37
49
60
19
58
35
25
65
79
65
24
33
25
36
38
8
55
25
50
48
39
38
29
19
23
66
29
52
76
76
58
24
61
80
27
7
47
10
33
42
44
22
27
52
27
64
21
37
55
24
24
70
58
56
52
27
66
41
23
74
40
20
18
45
39
61
20
61
43
61
53
7
25
59
27
24
65
43
37
65
26
46
55
31
62
28
30
48
44
23
41
36
28
12
61
22
27
22
70
52
38
64
67
59
48
33
68
18
45
66
72
30
33
54
84
60
45
31
7
25
68
40
9
32
45
51
81
48
35
47
30
25
11
81
44
85
63
39
23
12
58
50
55
26
43
28
43
68
60
26
12
44
27
27
37
38
27
67
39
8
68
59
64
20
21
20
78
20
45
46
64
58
23
69
49
46
21
68
19
41
73
48
54
20
45
8
45
46
66
79
25
38
12
54
51
46
40
50
64
54
66
43
44
29
23
45
68
27
68
43
39
22
71
51
59
50
62
65
62
39
61
24
32
27
59
49
22
44
50
59
43
50
66
68
60
61
38
30
46
47
54
30
52
25
18
50
41
61
79
61
49
44
46
63
57
40
18
81
10
47
38
59
41
3
39
24
45
40
55
40
63
48
61
23
41
76
38
56
45
59
45
62
52
55
37
52
49
25
42
25
30
59
26
46
53
40
23
54
27
45
45
48
68
26
37
19
63
64
61
53
55
19
56
39
64
62
52
37
46
55
82
32
30
64
29
41
43
34
62
24
38
27
64
35
31
81
27
34
42
40
80
65
48
43
58
61
11
57
62
58
45
64
64
65
66
44
67
20
45
7
63
32
38
66
20
20
28
63
37
42
27
74
25
44
28
45
61
63
53
42
10
29
51
37
48
23
45
42
43
62
61
44
40
42
66
31
35
60
64
44
19
20
46
51
55
23
63
79
42
44
30
39
46
39
44
55
53
29
62
20
50
44
40
63
21
43
27
35
62
67
44
28
27
65
45
61
39
32
32
56
62
40
50
22
42
45
59
39
41
27
30
29
61
25
23
59
56
60
44
62
40
28
60
38
23
31
35
90
48
23
38
26
25
5
59
7
23
30
58
41
24
61
33
58
46
45
8
37
35
56
6
72
44
20
44
26
60
62
44
6
18
57
54
34
25
37
58
41
25
73
44
54
57
28
80
60
59
63
20
57
49
87
53
72
58
44
42
75
59
6
73
69
44
31
5
39
53
28
45
25
43
61
27
41
37
38
67
23
44
22
21
7
56
44
45
57
6
59
46
48
38
64
20
59
52
42
42
38
23
42
26
63
50
41
34
24
58
21
63
67
55
48
64
9
42
37
25
58
57
46
32
28
73
57
27
75
37
45
7
55
20
46
39
79
44
35
36
20
30
44
40
81
83
9
39
60
59
46
62
32
42
61
80
27
58
25
67
75
65
38
40
23
62
48
28
64
38
55
49
69
6
29
36
62
49
49
48
24
12
41
63
7
2
55
54
42
44
29
46
27
23
77
33
54
16
8
46
58
26
21
28
43
63
37
23
37
68
38
30
67
58
63
30
52
53
8
49
60
22
23
50
26
42
23
47
67
25
54
45
7
58
53
27
31
40
51
74
31
9
61
7
46
29
35
26
57
40
59
45
51
51
42
65
53
39
38
24
29
66
47
29
42
35
10
51
77
39
66
32
40
40
31
43
4
46
39
26
64
22
25
81
84
48
41
43
58
47
62
23
54
44
30
49
75
54
24
45
26
47
54
73
59
60
82
39
42
11
33
61
66
23
75
61
45
33
61
60
24
60
45
29
59
63
74
50
58
17
56
8
44
43
24
65
78
48
7
33
66
60
50
59
48
25
8
22
42
72
32
50
47
17
27
45
42
65
48
40
40
31
29
48
40
56
24
45
28
18
49
58
29
33
6
51
45
29
56
40
51
64
30
42
55
37
58
26
38
33
48
23
7
24
62
47
51
51
44
7
21
48
39
50
44
42
43
60
71
38
57
58
31
49
48
43
27
62
44
34
43
43
57
29
46
30
39
39
44
23
4
44
40
30
40
37
58
75
56
8
47
63
63
24
79
62
35
22
41
30
42
4
81
33
24
61
25
49
63
28
69
66
41
21
25
83
47
36
26
56
60
32
52
23
33
28
46
32
27
52
31
60
26
19
8
29
26
45
77
29
55
60
47
65
63
28
39
46
59
25
45
24
63
23
56
69
28
31
61
39
23
4
39
23
49
58
59
22
48
39
67
37
81
54
24
24
70
86
50
29
37
26
37
81
66
54
51
39
67
22
47
49
57
49
25
66
53
68
70
55
61
62
28
12
32
42
23
61
42
74
25
63
55
24
60
30
60
23
50
28
41
59
42
24
61
8
37
30
42
51
43
30
39
47
19
44
22
43
47
66
75
39
42
30
12
59
22
50
59
38
62
56
72
45
29
48
30
23
41
58
26
49
24
61
33
55
46
42
64
23
17
24
42
49
27
17
49
38
79
48
54
58
37
62
43
45
44
58
38
35
61
41
84
6
41
38
42
38
31
63
79
45
63
65
58
29
26
76
67
42
53
26
29
66
10
9
14
25
88
41
20
44
76
27
87
63
68
65
55
26
8
41
32
10
44
62
51
47
24
59
29
49
23
28
21
89
48
6
32
20
35
44
24
56
40
53
47
23
49
52
61
44
71
42
45
35
63
27
39
25
50
29
34
27
50
59
45
23
23
21
44
45
25
37
90
4
26
63
42
37
62
81
25
28
44
45
62
81
7
67
61
58
61
40
42
66
26
82
76
63
68
22
36
42
82
21
65
43
57
44
43
62
13
46
27
43
37
61
30
41
65
55
78
51
44
29
20
41
21
5
22
38
74
62
25
42
43
29
30
43
48
79
59
64
60
31
56
52
39
26
69
62
32
68
57
50
76
9
34
56
52
22
60
59
45
36
46
8
50
36
7
66
45
52
48
44
44
43
56
24
63
23
47
66
68
62
82
30
39
39
52
20
41
72
26
39
66
42
58
47
46
21
79
27
7
37
45
64
73
50
34
25
38
4
37
40
43
49
63
41
64
80
42
41
45
37
41
7
45
21
28
63
48
48
22
46
5
41
50
27
8
11
19
55
22
67
29
34
27
40
22
63
48
26
45
64
38
31
28
42
41
47
84
82
42
62
49
45
40
62
49
77
65
55
39
57
72
34
38
62
44
28
45
49
45
18
59
31
64
30
37
56
42
38
50
25
72
62
60
70
52
9
70
51
59
54
56
32
48
23
45
40
27
61
69
70
51
6
5
24
32
43
63
49
28
61
26
54
8
46
31
10
43
23
45
41
34
56
25
51
68
42
38
7
39
39
44
38
50
79
35
39
43
24
59
44
22
65
70
7
27
7
44
61
23
64
30
37
10
57
41
51
63
42
56
39
21
6
60
34
35
10
9
83
20
60
63
29
24
43
42
27
51
4
58
61
43
43
66
30
23
43
26
46
46
42
20
60
22
75
63
44
71
40
30
70
8
42
51
12
44
23
44
28
39
84
47
51
42
48
85
24
87
28
46
27
60
68
40
63
42
30
75
59
58
55
46
45
42
29
28
42
55
24
78
38
65
26
27
45
44
19
42
24
26
39
26
46
64
82
55
26
61
74
19
44
24
32
35
67
43
37
40
40
67
38
49
52
42
60
20
37
48
45
29
4
56
41
29
22
36
32
63
57
25
51
37
77
73
22
39
23
46
57
6
40
64
27
34
48
46
73
43
80
46
43
56
28
36
6
44
24
8
21
30
61
43
40
44
25
62
46
46
17
27
46
46
64
4
8
44
27
28
65
58
66
43
38
43
22
27
9
26
45
71
51
39
34
25
62
59
58
43
38
30
40
75
8
39
58
18
72
12
58
57
11
69
24
36
33
46
17
30
45
84
46
54
43
30
25
50
47
65
63
79
50
50
75
24
59
58
62
60
26
20
29
29
55
41
53
25
45
12
30
19
59
7
25
80
25
67
47
36
30
22
46
44
75
50
56
47
43
60
68
50
43
47
51
50
3
43
63
42
38
30
69
9
44
46
30
48
41
58
29
35
48
12
43
24
60
59
65
38
29
35
1
3
4
1
3
2
3
2
22
15
4
23
4
1
0
1
2
23
2
1
22
0
0
4
4
3
22
23
2
1
4
3
4
1
4
17
4
19
0
1
4
23
23
16
16
1
21
3
22
2
16
2
21
2
18
24
24
1
16
1
1
17
2
18
2
21
3
21
0
3
22
4
15
21
0
22
16
0
21
0
18
22
17
1
15
3
22
19
20
19
15
0
1
4
15
18
20
22
24
2
0
1
1
3
17
2
19
20
0
4
1
3
15
1
0
21
23
24
3
0
22
20
0
2
17
1
23
17
22
3
1
2
1
2
1
20
19
4
2
21
2
20
1
3
0
3
4
24
2
2
19
17
3
17
23
4
15
3
1
1
2
18
17
0
17
2
17
3
17
2
2
2
4
22
23
16
21
4
20
0
2
19
4
16
17
4
23
2
0
22
20
1
19
3
4
24
0
16
1
0
21
22
1
23
2
0
3
1
19
3
1
4
16
21
17
2
15
3
1
16
3
21
22
4
23
2
0
0
17
23
2
1
0
3
16
22
22
1
1
0
15
0
2
3
16
2
1
18
1
0
17
15
17
2
18
23
0
3
0
23
0
22
1
24
3
4
4
0
20
15
3
1
23
16
0
2
24
17
4
19
4
22
17
2
2
19
19
2
20
4
15
3
2
2
24
20
19
3
19
20
4
18
3
0
1
21
4
1
2
1
1
22
23
17
2
2
2
0
2
3
23
18
23
22
20
1
20
2
2
19
16
16
22
15
0
3
21
0
1
0
21
17
4
16
1
3
1
23
3
4
2
3
20
21
0
0
17
1
1
3
18
0
18
17
1
23
19
0
18
1
4
20
15
2
24
24
2
17
23
18
4
1
15
23
0
1
20
21
2
17
24
18
17
20
2
17
2
16
2
2
16
4
3
23
2
0
4
1
17
20
24
17
17
3
2
3
21
4
3
2
2
3
23
3
2
17
24
22
4
2
24
21
21
1
2
4
18
3
3
20
0
17
4
1
4
2
0
24
4
2
2
3
20
21
4
4
22
16
4
15
1
17
20
3
17
20
3
0
1
2
20
2
2
4
24
21
1
1
19
0
3
16
18
17
15
2
22
19
0
3
1
4
3
0
20
16
18
4
0
24
1
22
2
3
2
22
1
24
15
0
22
21
3
18
4
4
1
1
24
1
3
18
4
16
21
22
16
20
3
2
2
2
17
3
0
21
23
1
16
16
15
21
22
0
19
1
0
2
18
3
19
17
0
18
1
15
17
24
4
18
17
2
1
24
16
4
19
1
0
1
1
0
18
23
17
1
1
1
4
4
15
17
20
17
3
3
23
24
4
0
19
19
23
15
15
20
16
4
3
4
3
0
16
3
15
0
20
2
2
18
1
1
4
16
2
24
24
20
0
24
17
3
0
0
16
4
15
2
23
2
16
0
3
1
23
1
1
4
22
18
24
18
18
1
4
20
2
0
3
0
2
2
0
23
0
21
23
19
0
23
4
0
24
4
24
22
15
21
3
18
19
3
3
2
4
4
2
22
21
22
2
19
17
3
0
1
2
0
1
23
20
21
21
1
21
2
1
3
2
20
0
4
21
22
20
18
15
4
19
2
23
16
2
16
18
4
19
0
24
4
1
4
16
2
4
17
22
0
15
3
22
16
22
2
3
2
19
3
20
0
24
3
3
19
19
22
4
16
18
4
20
1
2
2
24
3
20
3
19
3
18
1
15
3
3
4
17
23
24
23
3
19
18
16
2
23
15
1
4
0
20
4
24
21
22
4
21
0
22
4
16
2
21
19
15
19
4
2
24
24
1
20
24
18
22
4
4
1
3
1
24
16
15
4
1
4
19
22
19
3
24
4
2
2
18
1
17
1
19
19
3
1
15
18
2
18
23
0
4
2
2
23
20
1
20
2
20
15
16
3
1
2
2
20
0
16
2
24
1
22
1
20
1
1
3
1
3
2
2
0
1
24
16
0
16
2
17
24
2
0
2
19
3
4
3
3
24
2
18
24
1
24
20
22
21
4
21
24
0
23
24
2
19
20
3
1
4
15
23
2
19
19
2
3
15
0
20
3
2
21
17
4
19
20
20
24
23
23
4
17
16
3
23
15
1
22
4
2
18
1
0
19
15
17
23
4
22
16
0
1
21
18
3
2
2
16
4
23
17
2
2
2
20
18
3
4
21
17
0
3
19
2
17
2
2
2
17
18
22
24
2
1
17
1
16
2
2
1
19
24
20
17
3
17
20
24
24
3
2
1
3
23
17
0
1
3
1
22
0
4
20
18
16
1
2
24
23
21
17
17
2
16
16
1
1
4
21
21
17
4
0
0
22
1
17
3
24
22
15
3
21
0
18
0
20
20
4
18
16
0
4
1
3
0
2
20
4
0
3
24
0
0
1
23
0
4
3
19
24
21
2
16
21
22
2
18
1
18
1
0
4
4
21
15
22
21
3
24
23
2
2
19
1
18
0
16
4
3
15
19
2
16
3
22
20
17
15
16
22
1
4
2
2
3
4
0
18
1
24
17
24
16
4
0
3
1
15
15
0
4
19
21
1
24
23
0
22
17
21
24
18
21
3
21
23
0
19
16
4
19
20
2
2
2
3
24
21
3
18
23
15
16
24
1
4
16
24
3
20
19
23
1
0
24
16
2
22
0
22
18
1
15
4
15
24
4
2
0
23
19
20
1
24
23
1
0
0
23
15
2
0
3
3
3
22
20
17
3
20
16
0
1
3
21
0
0
22
23
4
17
1
0
1
2
20
17
20
3
18
1
16
16
23
15
1
1
20
18
3
18
2
0
4
21
24
1
20
16
1
15
2
22
1
3
23
23
0
24
21
16
20
2
21
15
1
15
21
19
19
0
2
19
3
17
4
1
21
17
0
22
16
2
17
22
21
16
16
20
3
3
22
21
3
19
3
21
3
2
20
22
1
22
0
20
2
4
23
22
21
1
0
24
20
2
0
20
3
3
2
1
3
17
18
15
16
20
16
4
18
3
19
2
3
0
23
21
3
20
21
23
2
17
0
0
0
23
1
15
0
0
3
15
20
0
17
17
0
2
0
4
2
2
1
1
1
0
20
21
2
15
3
16
3
4
17
2
15
24
21
1
2
1
3
24
2
2
15
4
23
2
22
1
1
2
2
21
3
1
3
23
23
19
16
4
0
2
3
4
4
18
24
23
23
4
1
1
16
23
4
1
22
2
18
3
3
2
0
2
21
22
15
18
4
16
3
23
22
18
21
24
21
21
16
3
18
3
20
17
22
3
18
2
23
3
2
16
23
3
4
4
4
1
15
18
0
2
21
19
20
3
22
23
0
0
1
24
2
3
16
21
3
16
1
2
22
0
4
0
17
24
19
3
19
1
24
4
20
24
0
2
2
2
17
0
1
2
4
19
3
24
20
2
18
16
3
19
24
3
4
0
0
21
16
4
4
18
18
1
19
2
1
18
0
0
4
1
20
22
24
2
24
3
0
1
20
3
1
16
1
23
4
4
0
21
18
3
3
2
4
16
24
1
18
17
24
2
4
19
21
22
2
16
2
0
3
0
3
3
24
15
24
1
21
18
15
20
19
21
18
24
19
1
20
15
24
3
4
16
23
18
20
0
3
24
1
2
2
20
22
0
0
19
4
20
2
20
2
15
3
18
2
24
0
4
3
0
19
22
23
24
19
4
21
3
24
23
3
1
19
3
4
24
18
22
20
4
16
3
17
2
3
19
0
3
20
24
15
1
16
3
20
22
2
2
1
20
0
20
4
1
19
2
0
3
16
18
19
0
22
24
23
23
1
1
22
4
1
0
16
4
18
0
2
15
0
2
23
0
18
22
0
0
22
4
18
23
2
18
18
1
2
4
1
24
18
19
4
15
16
2
0
1
16
1
2
21
22
17
22
1
1
24
1
21
22
20
22
18
1
22
20
4
23
22
3
22
19
3
4
2
15
18
1
19
19
17
15
1
19
15
16
3
19
16
20
24
0
24
16
4
22
4
22
0
19
2
15
23
17
2
18
16
2
4
17
1
0
20
1
19
2
24
24
16
20
4
1
4
4
22
2
15
21
16
23
1
21
17
20
1
16
19
21
21
4
15
1
3
15
18
15
2
4
19
4
22
17
20
3
0
19
2
16
18
21
24
15
15
22
21
18
24
0
4
0
15
3
23
16
21
1
16
24
4
18
0
4
4
4
2
1
0
3
1
21
17
19
15
2
0
15
1
22
0
4
21
18
19
22
3
23
23
15
3
3
2
17
22
22
24
15
2
15
17
17
0
2
15
3
23
19
0
0
17
19
0
1
0
0
3
0
24
22
24
3
24
19
17
21
18
18
16
1
3
17
3
17
19
15
22
1
3
24
24
17
18
17
0
3
20
24
18
22
0
2
15
0
16
4
0
22
23
0
22
2
17
2
0
21
0
4
15
1
24
0
15
19
20
3
16
17
17
3
2
3
17
2
24
16
20
3
2
17
0
17
4
2
0
17
4
4
1
1
4
4
24
0
0
4
2
2
4
19
3
21
4
1
24
2
4
22
17
1
3
1
21
20
18
4
18
0
1
3
3
0
15
2
1
21
2
4
22
23
0
21
4
24
20
0
22
0
2
3
0
24
22
0
23
1
2
0
4
3
0
2
16
20
1
19
3
18
20
21
19
24
18
2
16
2
21
3
3
19
21
24
16
23
1
20
3
0
24
17
2
2
4
20
17
3
24
16
19
1
4
20
17
1
19
18
23
2
3
20
17
20
2
23
19
20
21
18
19
17
2
18
15
17
21
23
24
16
0
2
3
0
0
22
19
1
0
21
2
21
2
0
20
0
17
21
0
19
23
16
1
2
0
20
20
15
20
4
15
19
18
16
2
21
22
22
3
1
19
0
3
0
20
20
15
0
16
0
21
24
22
0
2
21
1
21
16
23
18
20
0
2
3
3
15
2
0
2
20
2
4
21
20
0
20
22
1
1
17
19
3
19
19
4
16
22
3
3
2
22
1
0
16
1
21
24
1
0
0
0
18
4
4
0
3
1
23
4
1
2
21
1
20
3
16
2
1
17
3
1
19
2
3
1
2
17
24
15
1
0
4
20
1
3
21
17
22
0
21
1
4
4
24
21
1
23
0
2
18
16
24
1
23
22
17
16
16
24
19
4
3
19
17
20
17
1
3
4
20
0
22
0
0
22
20
2
20
3
18
20
15
20
20
23
15
22
22
1
1
21
15
17
16
20
1
24
3
1
17
20
4
22
19
15
1
2
0
17
2
1
3
21
4
3
4
16
23
19
3
3
24
23
4
0
19
22
0
1
16
1
24
16
20
0
21
23
22
0
1
4
20
22
3
20
1
4
21
20
1
0
23
19
3
3
3
2
3
24
2
4
20
20
1
20
16
0
2
3
0
24
19
4
22
1
1
19
4
21
19
16
0
20
21
0
24
1
17
3
20
2
3
24
24
19
21
3
15
0
2
1
4
4
21
15
4
21
0
4
20
4
23
4
23
22
18
15
3
4
24
16
19
24
17
15
18
1
0
19
0
18
0
3
4
22
4
1
20
20
19
21
16
3
18
0
18
23
3
19
18
1
22
0
18
20
2
0
4
20
2
17
16
4
17
23
20
18
2
3
22
3
1
22
0
22
1
19
1
19
23
3
2
1
16
2
22
2
1
16
15
18
15
19
0
21
19
0
20
3
19
1
3
3
1
1
17
1
4
2
3
3
4
16
18
0
1
16
3
0
2
17
23
24
24
0
0
1
1
21
3
3
4
3
2
4
15
18
18
24
2
20
22
15
4
23
15
1
0
23
0
22
1
16
1
4
1
16
16
0
2
17
0
3
2
17
24
23
18
0
22
4
2
21
15
18
15
22
0
4
21
1
18
23
22
19
1
21
3
3
15
4
3
15
22
1
23
15
2
24
21
0
1
20
1
2
17
4
0
2
20
16
17
18
16
20
3
2
0
15
4
3
20
22
15
3
4
16
0
2
0
4
20
17
15
3
4
15
4
3
21
4
4
0
22
2
4
22
24
19
21
2
0
3
23
21
20
23
16
24
22
19
15
17
0
20
4
23
18
17
24
15
17
16
24
20
24
18
4
4
23
0
21
2
3
24
20
15
4
22
2
2
4
19
21
1
18
21
20
0
4
3
3
2
17
4
3
22
1
24
21
17
18
15
2
4
4
0
19
16
16
17
4
0
0
18
21
17
2
24
0
15
0
23
1
3
0
1
18
4
1
24
15
1
16
3
16
20
20
18
4
23
2
3
4
15
20
17
22
15
3
21
18
1
15
21
15
23
3
17
0
24
23
20
4
4
24
3
1
4
21
17
4
18
17
4
0
16
18
3
24
24
4
3
2
15
0
4
16
1
3
0
4
4
3
1
15
2
18
21
23
2
21
22
22
2
0
3
4
23
24
22
16
4
3
24
18
19
3
21
21
2
23
2
21
2
24
1
2
16
2
23
4
1
0
3
3
4
0
3
24
4
17
17
1
15
15
2
3
24
15
17
0
2
4
24
1
0
15
21
4
3
2
19
1
24
4
15
4
0
24
15
24
20
22
18
24
0
20
15
19
3
23
2
23
23
20
23
15
2
4
19
0
1
21
17
1
21
21
23
3
23
1
17
24
18
23
2
3
3
15
3
0
4
4
16
0
2
3
1
3
18
18
0
24
2
4
4
3
1
1
0
0
3
24
2
2
0
18
19
16
3
1
23
2
0
1
1
2
15
3
4
24
1
23
22
19
18
18
4
1
17
1
1
21
3
1
1
24
0
24
4
17
0
3
4
4
1
1
15
1
15
3
0
18
18
18
2
4
4
22
0
18
15
4
16
0
3
0
1
20
3
3
24
22
1
21
4
15
3
2
0
1
17
20
18
4
4
0
16
3
2
3
2
15
23
17
16
24
2
19
16
4
0
23
1
0
18
24
24
2
3
20
15
1
0
2
15
24
1
15
16
18
17
3
19
18
22
24
0
3
17
4
15
24
22
1
3
24
0
4
4
2
1
0
18
19
24
0
0
22
22
3
21
19
2
23
19
22
16
23
22
0
22
17
2
1
4
23
1
24
4
18
16
22
1
4
0
0
23
4
18
2
21
22
15
3
17
3
3
0
16
18
19
15
19
0
20
4
2
3
4
22
24
2
22
1
4
15
3
4
3
21
16
3
15
3
16
0
18
2
4
22
1
1
18
3
21
17
19
19
2
2
2
2
2
23
1
20
0
4
17
4
22
24
0
1
23
1
16
18
24
2
3
17
18
18
1
1
19
3
2
0
22
2
3
3
1
23
17
19
18
1
23
19
22
2
20
3
1
4
2
24
20
20
22
19
18
21
4
23
3
23
2
0
17
16
15
3
2
16
0
3
21
20
0
1
21
2
4
22
3
22
1
16
0
3
4
1
2
15
2
1
20
0
3
0
1
1
1
22
1
17
16
0
1
19
20
18
16
1
22
16
0
4
19
16
21
2
23
19
24
2
1
24
24
18
19
0
17
4
2
2
4
3
2
3
3
1
0
2
19
24
24
1
2
3
4
0
0
1
3
24
24
20
0
4
23
0
16
4
21
19
0
18
3
23
2
17
3
0
18
2
18
0
17
22
23
20
4
18
16
0
22
18
2
3
16
17
4
2
3
0
4
18
24
4
21
2
24
0
22
15
4
1
1
4
1
2
17
18
18
23
21
18
23
0
18
16
0
24
3
4
3
23
18
22
1
4
4
15
0
2
22
1
24
21
16
22
22
22
16
1
3
2
1
1
3
15
4
16
20
3
24
20
0
0
23
21
16
4
3
3
20
1
17
24
20
21
4
17
2
2
21
3
4
23
15
18
20
4
18
24
0
15
17
21
18
1
19
3
1
4
4
23
0
3
21
1
1
16
21
23
24
0
23
19
20
23
1
4
15
18
0
3
4
3
18
24
2
0
16
4
21
19
2
16
24
19
3
23
17
21
24
21
15
18
21
4
17
17
20
20
1
4
4
16
0
4
21
17
2
23
15
18
2
21
16
2
18
1
1
20
23
15
4
16
4
4
21
2
0
4
1
18
3
1
17
15
4
22
18
18
3
24
15
22
23
4
24
0
0
21
2
0
24
18
16
15
2
3
4
22
18
16
18
17
20
4
19
15
22
0
16
23
1
3
24
3
20
4
0
0
24
3
23
22
1
0
20
1
3
17
1
3
1
2
17
0
0
24
3
0
15
0
19
15
2
22
0
1
2
18
4
18
16
22
4
0
1
20
16
2
3
18
21
4
4
19
18
22
2
24
24
24
2
0
24
3
21
3
4
4
21
15
2
3
22
15
16
0
24
2
18
20
21
0
3
4
19
3
23
23
23
3
1
23
15
2
4
1
20
4
19
2
2
15
2
24
22
21
18
22
17
1
17
24
24
2
3
19
4
3
2
24
1
19
16
15
15
1
2
22
21
2
16
15
4
23
0
1
0
2
4
21
15
2
1
3
18
1
23
20
20
24
4
2
17
21
2
17
22
22
0
0
1
18
17
22
24
16
24
19
0
4
4
16
15
4
18
21
15
23
20
3
22
2
3
20
19
4
3
3
15
1
21
4
15
3
17
15
3
24
3
23
0
4
17
1
19
3
2
3
17
0
23
0
16
0
15
19
19
19
1
15
16
18
2
19
0
2
4
1
2
1
22
0
15
0
21
3
16
4
17
23
2
17
15
0
21
15
18
3
4
0
3
17
2
4
24
3
3
15
16
0
21
0
19
16
15
1
2
4
17
21
22
4
1
16
3
4
3
0
2
20
0
3
4
2
4
0
1
4
3
4
21
0
21
19
4
17
4
21
4
3
3
23
2
23
4
21
21
0
4
1
0
22
21
20
15
4
0
22
2
2
18
4
23
19
4
16
2
2
23
1
24
18
0
18
21
1
17
22
2
15
4
1
24
22
16
0
20
0
22
2
15
0
22
22
18
18
18
2
22
0
3
23
19
19
21
20
1
4
3
4
19
15
20
18
20
0
0
2
16
1
1
21
3
0
2
1
0
2
4
4
16
17
0
2
21
17
21
20
1
2
2
21
22
2
19
18
19
1
3
17
4
19
18
16
15
16
15
3
22
1
19
3
1
23
19
3
19
23
16
0
4
3
22
20
0
15
4
22
3
22
0
20
2
19
3
24
21
17
3
1
2
21
22
16
22
21
4
17
19
16
16
3
4
3
4
15
2
23
21
0
15
23
0
1
21
15
17
16
19
3
17
3
3
3
2
21
4
3
19
17
23
20
22
1
22
22
0
3
3
16
15
23
23
1
19
0
3
15
16
18
3
15
1
2
17
23
2
15
4
15
2
24
4
4
17
15
15
2
1
2
0
16
0
24
4
24
1
1
21
1
23
0
0
18
3
21
17
4
23
23
16
22
4
17
19
15
16
23
3
22
4
0
1
1
0
0
15
15
19
17
21
19
18
15
24
19
21
4
3
3
4
19
1
20
1
21
18
15
23
1
3
17
0
1
0
4
15
2
22
17
15
0
15
24
3
24
15
1
4
24
23
24
18
1
3
16
0
3
4
1
3
0
4
0
19
3
4
2
0
2
1
1
22
1
21
15
1
2
4
24
0
24
23
1
16
18
19
19
15
1
17
23
24
4
20
4
0
0
15
1
18
1
1
0
4
18
0
18
16
0
4
15
16
17
19
2
4
16
16
3
1
22
1
22
3
24
19
17
0
4
22
18
1
4
1
22
24
22
22
18
4
4
3
0
22
1
2
23
19
0
23
4
21
0
0
0
18
4
17
0
16
0
1
17
15
21
19
21
18
1
19
19
17
21
3
1
23
0
16
24
22
3
19
21
4
17
0
4
17
24
1
2
3
3
15
21
1
15
4
4
2
1
18
4
19
3
2
1
3
2
17
2
4
3
16
23
0
2
22
21
24
19
0
19
1
4
3
4
23
16
18
20
19
1
2
2
2
20
18
16
4
0
1
18
17
1
20
3
15
17
0
0
2
17
3
0
21
24
0
21
3
1
1
24
2
1
1
0
15
2
4
20
23
4
3
3
22
1
3
1
17
0
4
0
24
22
17
16
24
2
24
0
4
18
3
17
15
0
18
19
1
3
4
0
2
4
21
0
0
17
22
0
19
15
2
15
0
16
0
0
1
1
0
16
23
15
19
23
21
23
2
1
16
4
0
4
0
19
0
1
1
16
4
3
18
2
2
22
0
0
19
24
1
3
3
19
2
19
2
4
15
18
4
22
24
0
4
0
18
2
18
22
16
16
16
1
1
19
18
2
22
4
3
3
1
2
3
0
0
1
18
17
0
21
3
20
0
18
17
1
18
23
2
2
4
3
15
2
18
0
24
21
18
18
16
15
16
20
21
22
17
21
0
19
21
0
21
1
0
3
22
24
4
1
3
4
20
15
17
2
0
3
3
3
0
17
16
4
2
16
1
0
1
4
19
2
0
4
17
0
2
17
3
18
17
24
22
19
22
18
3
4
19
4
23
22
4
0
4
20
0
22
15
2
16
22
1
1
18
4
22
1
2
4
4
1
1
3
2
18
19
4
21
1
2
18
1
22
2
4
1
17
4
17
2
16
18
3
2
21
16
2
21
19
23
24
22
20
2
20
3
0
22
18
4
3
23
1
2
2
21
1
20
22
4
0
3
17
20
21
1
23
17
0
0
17
15
2
22
3
4
2
2
0
2
0
22
17
23
15
0
18
0
3
16
4
17
18
4
17
0
16
4
19
15
0
2
19
24
3
22
0
1
0
24
23
16
1
0
23
2
4
3
2
2
0
17
22
21
21
20
1
3
3
22
0
4
24
19
17
2
0
23
3
21
2
2
1
2
16
2
2
24
17
3
2
4
22
4
22
0
0
0
1
1
1
15
17
24
20
3
20
2
21
24
0
20
4
21
20
19
2
20
23
4
21
20
22
22
15
17
1
3
0
4
22
24
1
1
3
18
20
23
2
4
0
1
1
21
1
3
0
18
22
24
1
17
2
1
1
0
1
3
0
22
1
15
0
4
20
15
20
0
21
24
2
21
23
22
4
18
3
1
15
2
4
0
4
0
0
21
18
1
18
1
19
1
24
3
4
17
17
19
4
22
2
19
1
1
1
15
3
4
15
18
23
18
4
24
2
2
22
4
2
1
0
22
2
4
21
19
17
23
3
1
23
20
23
3
24
1
19
2
15
0
21
21
21
4
21
1
18
19
24
4
22
0
4
15
16
0
20
19
21
23
15
3
1
19
0
22
0
4
21
16
2
0
21
21
17
22
0
22
2
1
18
3
17
15
18
2
22
24
3
18
3
2
17
20
24
15
0
16
20
2
17
19
17
3
22
2
18
1
23
18
0
18
19
4
22
20
16
3
4
21
1
1
0
4
4
2
0
18
15
0
15
0
22
1
3
0
4
17
24
2
16
3
4
18
24
4
24
24
15
1
4
0
0
19
3
4
23
22
0
23
4
0
15
20
19
4
4
21
1
22
21
3
24
22
3
16
4
2
1
2
3
3
1
22
0
2
4
20
21
21
18
0
1
3
2
16
21
3
3
21
24
24
21
0
0
0
17
20
21
2
22
1
17
22
2
18
21
0
20
3
23
20
1
2
2
0
16
3
1
1
2
3
1
21
0
0
4
0
22
16
20
0
3
15
0
3
1
21
3
4
4
22
2
2
4
3
18
18
0
21
19
0
22
17
1
0
18
4
3
20
4
2
4
0
17
17
15
2
3
23
23
0
22
3
1
4
1
4
2
17
3
2
17
23
17
22
20
2
17
22
2
1
22
15
0
20
2
22
18
18
4
17
15
20
21
2
20
15
24
16
2
16
3
15
19
23
1
17
3
1
17
17
0
24
1
18
1
4
15
23
23
16
19
4
2
24
19
17
15
4
21
0
20
3
1
17
18
15
4
21
0
2
4
18
2
15
1
0
3
4
20
17
3
4
3
15
20
17
20
0
3
4
0
3
4
20
18
0
2
1
0
18
23
1
20
20
1
23
4
22
1
3
2
24
0
3
0
19
23
20
2
18
3
0
16
22
3
3
24
22
2
16
1
1
20
2
18
3
4
20
3
3
4
23
4
4
4
4
1
2
1
3
17
1
3
0
20
16
18
1
0
3
19
16
1
20
0
19
3
3
1
2
4
20
18
17
3
0
2
4
3
21
4
20
18
1
0
23
4
0
18
15
1
20
16
20
18
15
1
0
17
21
22
3
3
3
16
21
3
24
21
3
18
1
2
19
23
1
16
22
20
18
2
3
1
2
1
4
16
2
3
0
18
2
1
3
2
22
17
17
19
0
4
20
22
3
0
24
19
23
1
18
2
3
23
0
1
2
23
20
1
3
17
0
0
21
15
15
16
20
0
22
4
2
18
1
1
0
2
2
21
21
2
22
4
4
22
17
22
22
4
3
22
3
1
17
4
2
19
22
1
19
17
18
19
1
1
0
18
18
23
19
22
2
1
18
4
1
1
0
3
3
21
21
3
3
3
3
1
4
4
23
4
4
0
16
15
3
16
24
2
0
1
2
21
21
2
0
4
23
21
21
23
1
22
18
15
23
20
4
2
23
0
0
24
20
24
0
0
24
15
2
1
17
24
19
3
23
1
15
17
3
22
23
2
23
17
0
18
0
3
0
18
1
1
3
15
17
16
2
21
0
2
24
1
18
18
1
23
0
1
18
3
18
22
20
23
19
3
17
2
2
4
2
15
1
18
17
4
15
18
0
2
0
19
22
3
0
24
3
1
18
4
0
18
3
22
4
2
1
2
1
20
22
17
0
4
3
22
16
4
19
18
18
24
2
24
15
16
15
22
17
1
22
22
19
20
1
24
17
2
19
15
24
4
3
19
23
3
4
22
21
18
16
23
4
21
3
0
3
4
0
1
19
2
19
2
17
1
1
21
3
22
0
0
22
4
1
22
23
4
0
17
17
18
17
20
1
21
18
2
15
20
3
20
15
20
2
1
1
4
19
15
3
2
20
2
4
1
1
4
0
2
20
1
0
1
4
0
22
17
3
4
19
23
18
21
22
15
21
2
4
19
0
15
0
4
2
1
21
1
18
2
4
16
15
16
21
0
18
20
0
22
0
3
1
1
16
15
4
18
18
15
24
4
0
0
19
0
20
18
3
1
22
23
3
17
3
0
2
3
2
0
16
22
3
2
18
4
0
1
17
4
2
16
3
19
4
22
2
17
0
24
20
0
20
24
2
4
15
3
21
23
2
24
3
20
23
15
24
24
4
1
0
18
22
3
15
21
18
1
0
15
3
15
22
19
22
22
18
1
3
15
23
2
16
18
18
2
4
17
18
22
4
16
4
18
0
15
22
4
2
1
2
20
1
1
3
19
15
18
0
2
4
2
16
0
21
18
16
2
22
22
4
2
24
2
21
24
3
20
0
24
2
4
20
0
3
4
22
15
4
2
16
19
3
15
16
3
15
21
3
1
0
1
15
19
18
1
19
1
0
16
2
3
0
23
0
4
2
23
21
22
20
20
23
17
20
24
3
18
3
24
17
19
20
1
24
21
20
20
16
2
23
22
23
1
15
0
2
20
2
4
0
18
2
3
17
2
19
19
4
0
2
16
18
1
1
0
24
4
18
20
0
0
2
4
20
17
17
18
4
1
22
3
3
24
24
3
2
20
0
19
21
15
18
16
22
18
16
18
2
2
22
15
4
0
23
3
20
3
3
2
2
2
4
18
18
1
0
1
2
19
17
17
17
4
3
19
1
4
3
2
16
19
22
1
2
24
0
3
19
4
0
24
2
3
21
17
1
4
22
24
3
2
2
2
21
4
23
3
2
21
0
23
22
0
16
21
1
1
20
23
2
0
24
19
20
0
3
0
4
15
3
17
24
20
21
3
4
2
0
1
4
18
23
4
21
0
23
4
18
15
3
21
20
24
2
23
3
2
15
20
4
24
21
4
17
3
15
24
17
16
3
15
23
4
4
21
20
2
1
21
4
3
19
17
23
4
21
24
3
19
18
2
3
4
2
20
23
0
16
15
1
24
4
0
4
4
4
3
1
1
3
23
1
22
16
20
4
2
4
3
2
17
0
20
24
4
16
16
17
16
23
17
2
17
2
20
23
4
21
17
22
4
4
0
1
3
1
24
20
3
24
3
16
0
2
15
22
20
22
0
4
18
3
21
1
23
23
2
2
17
15
4
17
2
15
3
22
22
15
17
3
19
15
20
1
19
3
2
22
15
21
3
4
4
4
17
17
18
4
16
22
23
22
21
3
22
4
16
16
21
19
20
2
1
20
19
1
24
4
23
0
18
18
1
24
0
2
3
24
23
0
16
19
1
0
22
24
4
17
4
0
18
15
17
4
15
24
2
1
16
0
0
3
19
1
15
2
2
3
3
2
0
1
17
1
16
0
3
3
19
18
20
0
3
4
23
21
17
4
2
4
19
21
19
4
3
0
17
1
24
4
23
0
3
18
3
3
0
0
24
17
18
1
23
3
23
16
4
19
2
23
21
1
1
3
1
19
15
20
1
18
17
20
16
3
1
20
1
21
2
2
4
20
1
19
23
0
0
3
4
2
0
17
4
4
3
17
22
17
16
24
0
2
4
2
1
16
0
24
24
24
17
1
15
24
2
23
4
0
19
3
1
23
3
1
2
0
1
22
22
1
22
2
18
2
23
3
4
15
20
24
2
2
24
19
2
1
4
21
21
23
22
23
16
3
24
23
23
15
18
0
0
15
4
18
1
3
4
4
4
15
1
2
3
24
19
3
15
2
3
19
2
21
19
19
2
4
19
16
2
3
1
23
1
3
16
0
0
0
3
3
2
15
22
2
16
4
2
24
0
4
16
2
1
2
4
20
18
21
20
1
22
3
1
18
1
2
2
18
3
22
1
1
4
20
0
2
2
19
2
0
4
15
0
4
16
23
20
4
24
24
3
20
15
0
19
2
2
0
22
1
3
21
15
1
15
1
17
4
0
2
22
4
2
17
18
3
2
3
3
1
2
2
19
2
16
2
0
0
3
2
22
0
4
19
16
4
15
24
3
23
0
15
24
16
23
3
2
4
16
22
3
15
19
2
3
4
0
4
24
1
15
4
23
24
21
0
3
22
20
21
4
23
1
15
2
0
22
3
3
1
2
3
2
22
22
21
24
4
3
20
0
22
22
18
21
17
18
2
0
1
15
0
4
4
4
1
15
19
1
0
24
4
22
2
4
23
1
4
4
24
0
21
0
1
16
23
2
23
19
17
4
22
0
24
24
0
19
15
21
0
3
2
22
24
1
3
2
0
4
0
23
2
24
0
3
4
21
16
21
24
2
18
3
24
3
22
23
21
0
2
22
19
24
24
17
21
2
2
20
1
2
4
15
3
0
16
0
4
19
0
0
23
0
15
3
15
24
24
1
21
0
18
3
0
4
23
21
16
3
23
3
3
23
22
24
1
4
4
1
23
21
3
19
4
20
0
3
4
19
4
15
21
3
20
24
17
1
1
4
15
3
16
18
20
0
23
24
18
1
1
16
3
16
16
23
2
22
22
0
1
15
1
4
17
22
1
0
3
3
16
2
16
4
17
3
0
3
18
19
18
2
2
1
2
15
2
1
3
4
4
4
18
2
20
3
21
17
2
1
4
2
0
21
19
23
3
23
2
15
20
22
2
2
16
23
1
20
20
4
15
3
4
0
17
3
3
2
24
3
20
21
22
21
1
1
20
3
2
3
20
0
23
20
0
22
21
4
2
4
1
2
0
1
4
20
2
19
4
24
19
4
3
24
2
3
0
1
2
24
3
16
16
2
21
21
4
17
16
18
15
22
23
1
0
21
21
24
0
1
24
2
19
16
1
20
20
3
15
18
4
0
3
16
18
4
20
24
23
22
20
15
3
0
2
15
2
1
0
3
0
19
19
1
15
0
19
1
22
15
0
4
1
21
21
23
17
0
24
0
4
23
4
4
16
0
19
23
1
19
4
16
15
15
1
15
0
0
18
1
21
15
4
4
1
0
3
21
4
0
16
15
23
24
2
4
4
23
23
22
16
17
22
23
3
1
2
4
17
4
16
24
17
0
16
0
22
0
18
4
4
23
4
24
21
2
16
16
15
19
22
18
18
0
1
24
22
1
21
2
20
2
2
16
0
1
2
1
20
2
21
3
0
0
23
0
0
3
3
24
1
4
4
1
3
19
21
1
21
16
2
20
23
16
21
22
2
1
18
17
0
2
1
18
4
3
4
16
0
1
3
0
0
4
19
4
3
15
4
2
0
3
20
0
16
15
1
2
3
2
1
1
3
18
18
3
22
4
4
16
0
20
16
4
15
23
18
1
16
2
1
21
0
15
3
3
0
4
1
0
23
3
18
17
21
1
19
0
0
20
17
21
0
1
22
2
0
4
4
0
18
22
21
15
3
2
0
0
4
2
4
1
3
22
2
0
1
20
2
4
3
0
18
20
2
0
18
1
19
3
3
24
4
15
2
4
2
0
18
19
2
19
0
17
18
0
4
21
4
23
19
17
16
3
1
4
16
24
2
3
2
4
3
4
1
15
0
0
1
1
1
22
4
1
1
0
3
23
1
19
4
24
3
1
0
2
18
22
3
24
3
1
21
15
3
2
21
19
15
22
20
2
3
2
21
23
24
0
0
4
15
1
23
17
18
17
17
4
22
18
20
23
3
16
17
1
17
22
2
15
0
19
23
21
18
24
1
4
22
19
0
3
2
0
24
2
21
1
16
18
21
3
2
17
15
0
17
19
24
0
3
21
2
2
16
3
4
0
17
16
4
1
16
18
0
4
4
23
4
4
22
4
22
3
0
0
22
1
4
4
0
3
3
4
23
2
18
18
18
24
1
18
1
20
2
1
20
23
1
15
2
21
0
23
24
17
15
4
0
4
21
2
0
19
22
20
18
0
20
21
17
0
2
4
2
22
4
23
20
22
21
4
18
3
21
22
0
0
18
22
3
19
3
1
23
16
20
1
4
20
19
4
0
20
17
4
23
3
0
4
21
2
4
1
16
17
24
0
24
21
24
4
1
20
3
19
23
1
21
2
3
4
24
4
4
1
2
24
0
18
0
1
16
3
21
20
20
15
19
19
2
3
1
2
3
1
3
4
4
15
22
15
2
18
20
1
3
16
19
2
1
1
16
16
0
1
15
2
19
3
3
20
0
16
2
2
21
2
24
23
3
15
15
23
4
22
16
3
20
2
18
22
24
17
17
2
17
24
21
0
0
1
16
18
1
3
23
15
23
20
24
16
4
0
4
24
2
17
3
15
17
1
24
23
18
1
18
18
20
4
4
15
2
23
21
1
22
2
0
24
23
20
18
23
2
16
3
3
2
4
4
4
3
4
19
22
15
18
18
18
3
2
4
23
3
20
0
4
1
21
24
20
21
19
22
2
17
4
17
18
2
2
21
16
17
0
19
3
0
22
4
18
3
21
23
1
2
0
2
17
1
2
3
22
18
0
21
23
22
24
24
3
19
19
17
18
1
4
23
0
24
17
22
18
3
0
1
4
4
24
0
17
19
20
4
17
4
21
19
1
3
0
1
22
24
4
4
20
0
2
0
22
16
24
24
0
3
22
21
2
3
0
20
24
4
15
4
20
1
2
0
22
16
0
2
17
15
0
2
0
15
1
0
24
17
1
1
21
18
3
20
1
15
3
20
1
17
17
18
0
18
4
2
4
20
22
18
4
1
2
24
16
18
16
18
1
16
3
2
4
4
19
15
23
1
4
2
1
1
19
21
4
19
4
21
23
19
4
1
3
3
0
24
20
15
22
16
17
19
2
23
0
1
24
3
2
3
19
1
0
3
15
15
21
4
21
2
0
2
1
2
21
18
3
2
4
21
4
21
3
3
2
2
3
21
1
24
4
21
4
2
4
21
1
0
3
19
16
22
0
0
2
0
4
19
3
21
2
19
4
2
23
24
15
15
17
2
1
21
3
0
17
23
3
3
17
0
17
15
2
24
1
24
20
3
1
2
4
19
4
4
2
2
23
19
15
2
17
15
19
2
23
16
15
19
21
3
22
2
2
18
16
2
18
17
4
2
3
2
0
17
18
19
19
21
2
1
2
19
0
4
2
15
22
0
2
3
15
16
2
15
3
16
1
22
17
3
19
18
17
4
3
15
17
0
3
2
15
3
2
1
15
15
3
23
15
1
2
0
23
15
17
3
4
16
3
2
2
0
15
1
1
18
4
15
1
3
24
24
3
4
16
1
4
4
17
16
0
24
24
16
4
24
20
2
1
3
22
4
17
16
2
0
1
20
22
3
16
2
16
1
0
1
21
16
0
16
3
2
2
2
1
2
19
1
18
20
2
19
20
24
1
2
2
21
15
3
22
1
3
2
3
23
4
3
19
4
22
15
1
21
3
23
0
15
2
18
3
20
17
20
1
4
23
23
0
3
16
2
23
15
3
4
17
17
20
0
18
18
0
22
23
0
24
2
4
0
24
4
22
19
3
19
20
4
19
16
15
16
4
4
2
24
23
20
19
23
2
1
1
1
16
19
2
17
22
16
17
19
19
0
23
2
0
3
3
17
15
19
3
4
0
2
18
22
18
0
24
1
17
15
4
4
21
22
1
18
15
16
17
1
21
4
19
22
4
1
2
23
20
4
21
1
18
19
16
2
1
22
20
19
20
3
18
18
4
22
24
0
2
4
22
0
19
18
22
22
1
2
4
4
1
20
19
2
20
22
4
16
1
1
2
3
2
4
15
4
22
1
23
0
20
4
4
2
2
23
21
20
2
1
2
22
18
1
22
24
4
0
22
0
1
24
1
17
16
1
1
23
21
22
20
16
4
23
22
1
4
3
4
18
2
1
2
4
3
20
1
16
15
23
1
18
22
19
20
2
23
17
17
0
17
23
1
19
18
21
1
1
22
20
22
3
15
18
4
18
0
0
17
20
3
22
20
15
2
1
24
4
24
21
19
1
2
22
20
3
24
1
1
18
3
4
0
18
2
19
1
15
2
1
24
0
2
3
3
15
18
24
18
18
18
4
23
16
19
24
4
21
24
1
15
24
3
15
0
24
2
15
17
3
2
23
16
4
3
15
4
24
2
24
0
4
15
16
23
1
20
23
4
16
0
22
1
20
18
0
20
0
1
4
0
1
16
16
0
21
1
21
22
22
2
4
20
0
4
17
15
2
3
2
2
15
1
4
15
22
1
0
15
3
1
1
0
15
20
20
4
0
0
21
18
18
23
17
22
0
3
21
1
0
0
0
18
0
4
23
3
19
0
17
2
2
2
2
23
3
0
4
18
1
18
16
16
22
23
16
1
18
22
16
1
2
22
19
3
17
3
17
23
2
2
20
15
0
2
20
21
20
21
21
0
0
3
21
21
1
0
20
17
0
4
0
18
23
24
4
22
2
4
1
18
0
24
16
2
2
3
21
0
19
0
0
23
17
20
23
4
4
22
24
16
18
20
22
4
19
0
1
2
4
17
2
17
23
20
3
3
16
1
23
20
18
16
17
0
2
2
20
3
0
1
20
3
21
19
0
2
19
2
21
0
0
15
23
21
4
0
0
15
18
2
2
0
20
4
0
23
2
2
17
4
22
4
20
0
20
4
22
3
18
3
23
18
23
19
15
18
2
17
1
15
23
3
0
16
0
24
21
18
15
16
4
17
23
24
23
1
2
4
21
4
4
24
3
19
3
1
1
1
4
4
1
17
20
24
22
18
3
0
24
0
15
20
20
1
4
15
19
21
16
1
18
0
4
22
4
22
1
24
3
0
4
3
21
16
3
4
4
17
0
1
4
18
2
2
3
20
2
15
2
16
3
0
2
20
3
15
3
22
0
20
19
22
3
0
18
16
0
0
24
15
23
2
4
22
0
23
3
20
2
4
4
4
4
16
0
3
16
2
2
16
17
2
0
24
22
24
4
2
24
2
1
4
18
23
21
2
16
19
1
23
3
1
0
1
22
18
0
15
19
16
19
20
1
16
1
17
15
20
0
16
0
19
15
4
0
19
4
0
0
4
22
0
0
0
4
24
16
3
4
4
2
18
15
1
0
20
1
4
20
3
4
1
24
22
18
17
15
23
3
4
3
2
18
2
2
23
0
22
4
4
18
23
21
21
1
22
16
4
24
15
2
0
19
2
4
22
1
4
20
21
1
23
0
22
1
19
2
3
15
24
3
16
18
2
1
0
17
4
2
23
15
18
23
3
16
4
21
2
2
18
18
15
21
20
0
15
23
18
1
2
21
18
3
15
2
0
2
17
19
16
0
3
18
18
3
23
3
1
17
0
4
0
19
19
3
17
3
0
21
20
24
2
1
15
20
2
17
0
16
17
0
2
0
16
2
3
15
1
0
22
21
0
0
0
23
0
1
2
4
23
0
3
20
1
15
16
20
3
16
16
15
2
23
22
0
4
3
15
1
16
18
18
1
22
2
2
15
1
4
1
18
2
2
0
18
17
21
0
24
1
23
20
4
0
22
18
19
4
19
2
3
24
3
1
20
4
4
0
24
3
20
15
16
15
3
21
0
1
3
0
0
23
4
2
0
3
16
2
17
0
0
0
0
4
21
3
17
19
2
4
4
0
3
1
3
17
21
1
2
16
19
1
15
21
0
4
21
19
20
17
4
3
19
23
17
18
1
21
21
2
15
24
19
19
16
0
16
4
21
15
4
24
19
4
2
17
3
21
3
20
3
22
4
2
4
19
15
1
15
4
2
22
16
20
1
19
1
20
0
0
1
15
4
17
23
18
4
4
0
18
18
24
17
0
2
0
0
22
16
20
4
3
4
24
2
16
3
4
21
22
19
3
24
16
24
15
23
1
23
18
1
0
2
21
3
2
24
4
3
3
18
1
17
1
17
1
1
19
1
17
3
0
4
1
0
15
21
19
18
2
4
1
21
3
2
24
21
1
2
24
17
19
3
0
1
15
20
2
19
3
4
3
16
1
1
1
18
1
4
0
24
17
1
24
3
4
21
1
16
15
2
19
20
18
15
23
19
23
19
15
18
20
17
3
2
1
18
3
20
20
21
0
19
17
24
20
3
2
21
1
0
3
2
2
21
23
1
2
0
4
4
2
3
4
3
23
16
21
1
4
21
22
1
0
2
1
4
15
1
4
21
1
21
3
4
24
0
0
23
4
1
20
19
24
3
15
0
3
17
1
19
0
16
1
20
18
15
3
4
2
3
0
0
21
23
24
4
19
17
2
16
23
19
16
3
18
21
15
16
0
21
4
1
1
24
15
23
4
0
1
23
17
0
3
3
17
22
18
16
18
22
0
15
3
2
2
16
0
0
15
3
0
3
20
18
4
1
15
22
1
21
1
20
19
15
3
1
1
23
17
4
17
0
2
23
18
17
20
4
20
18
1
17
17
1
1
4
1
4
16
4
1
2
21
19
17
0
21
4
2
3
4
15
2
2
24
17
22
23
15
2
3
16
2
16
3
19
3
24
19
3
3
1
19
2
0
20
24
22
16
17
0
23
4
1
3
4
18
19
21
2
20
3
3
3
22
1
4
24
3
20
1
18
22
3
1
18
0
4
1
3
0
15
23
0
2
15
19
19
2
3
4
3
4
4
1
15
24
20
2
1
3
16
2
1
18
4
4
3
3
16
0
24
1
23
22
1
23
4
24
16
18
1
3
23
16
4
21
0
24
21
22
1
18
22
18
1
4
20
23
0
17
1
15
18
23
23
4
0
3
0
15
4
16
23
2
17
24
3
22
16
16
16
24
4
1
3
22
15
17
0
1
17
22
15
0
22
19
22
21
17
18
2
23
3
0
21
21
0
0
16
15
4
0
3
0
20
2
0
3
19
23
2
24
3
19
1
17
1
3
4
1
15
0
17
0
17
3
4
21
15
15
4
17
22
19
17
23
22
21
2
3
0
2
18
15
20
22
1
4
0
4
23
3
3
1
1
20
0
4
3
4
20
24
21
16
0
19
21
4
24
22
18
21
17
3
19
24
20
1
0
18
1
0
3
19
4
3
3
2
22
15
19
2
22
2
2
24
20
0
16
19
3
1
3
19
15
24
1
3
1
2
23
2
0
3
18
22
22
18
24
4
17
22
19
2
4
15
3
4
4
2
2
4
22
2
16
4
4
0
2
21
3
0
1
23
1
1
17
18
15
20
2
1
0
4
19
4
3
23
17
24
17
1
2
19
2
1
1
4
22
4
23
19
22
17
4
16
19
19
22
4
1
2
16
1
3
0
1
17
1
0
17
2
15
19
21
23
2
16
1
1
4
20
0
21
18
0
24
4
23
1
24
16
23
2
18
15
19
0
2
2
21
21
3
24
24
1
24
0
3
21
19
3
17
2
1
1
15
21
16
16
0
3
15
1
0
3
23
15
15
19
17
22
24
23
0
1
16
3
15
20
0
1
15
4
15
3
4
23
2
0
3
3
3
15
3
24
15
24
4
3
22
4
19
21
19
22
22
16
3
18
0
4
1
0
20
17
2
2
4
4
21
0
16
17
4
24
19
4
22
4
17
3
2
16
2
20
24
2
3
21
0
24
18
22
20
15
0
19
16
3
24
23
2
24
0
17
19
23
1
1
21
3
4
1
2
15
4
2
19
1
23
2
0
22
22
24
20
1
4
2
22
24
1
21
24
15
3
1
1
15
3
20
1
16
2
3
22
21
24
4
0
18
17
16
16
16
23
4
20
4
2
24
22
18
0
22
22
0
23
20
21
17
1
23
4
19
15
1
1
21
22
17
2
1
20
1
22
4
4
2
2
4
2
19
20
0
18
21
22
22
1
4
17
0
2
3
4
4
16
20
20
4
22
4
19
4
15
21
19
1
2
21
4
2
22
22
2
23
24
17
24
3
17
24
24
1
19
16
18
17
4
22
0
17
18
3
2
2
22
4
1
24
19
2
3
3
21
20
0
18
17
19
20
3
4
3
17
1
19
15
0
1
21
3
18
0
0
0
20
23
4
3
21
1
18
1
2
16
22
21
17
21
22
19
3
15
24
19
21
23
4
1
20
4
2
18
3
3
22
18
1
21
20
21
2
18
20
17
4
19
16
1
2
0
0
16
19
23
15
24
3
3
0
4
3
3
23
18
16
0
20
2
24
16
2
17
17
4
3
17
0
0
3
0
20
0
1
18
4
0
3
17
16
3
24
2
4
2
19
15
15
18
0
22
20
2
1
17
24
2
19
18
0
21
24
3
21
19
1
20
1
4
3
15
19
3
1
18
21
20
19
16
2
15
19
2
17
4
18
17
18
3
1
23
4
15
20
20
23
3
4
15
19
4
17
22
23
4
21
4
17
4
16
18
1
3
17
16
20
16
15
1
3
23
19
4
2
17
4
2
15
3
4
20
21
2
2
0
2
24
3
1
18
2
22
17
3
1
3
19
20
1
21
4
3
17
16
17
1
17
18
4
0
2
19
2
18
3
17
16
4
15
4
4
1
23
20
1
0
4
21
20
0
24
2
22
2
21
24
21
1
4
20
1
16
0
3
18
0
1
3
15
20
20
23
0
16
24
22
2
19
22
4
16
18
15
18
2
15
4
16
20
2
15
2
0
4
18
19
15
0
2
18
19
22
4
20
18
23
1
19
19
4
20
24
4
16
19
0
2
24
2
18
2
0
15
22
18
19
19
21
23
3
24
2
3
3
1
23
3
24
22
15
3
22
3
1
3
20
0
19
2
19
17
3
4
0
16
15
3
18
0
21
23
3
0
19
2
2
17
4
15
4
20
0
3
23
19
2
20
0
17
17
1
24
3
1
3
22
15
23
21
4
2
20
1
3
24
3
4
19
2
4
17
3
3
15
19
23
15
22
20
0
23
18
24
22
4
4
18
17
22
1
3
2
15
24
17
23
18
19
1
0
3
4
4
3
15
19
20
17
4
24
17
3
19
15
21
3
23
2
17
22
24
18
0
20
0
22
22
22
23
20
0
22
4
16
24
22
2
20
0
4
21
23
19
0
15
2
3
20
3
0
22
3
1
1
2
23
20
18
2
15
1
0
16
3
17
1
17
24
21
17
4
1
1
2
16
0
16
2
2
20
2
4
2
15
21
3
24
0
0
17
20
3
16
19
4
4
18
1
4
20
19
18
17
4
0
20
1
4
21
17
2
1
0
4
23
18
1
24
2
20
0
17
24
16
23
1
23
16
16
3
18
16
3
3
20
2
4
3
1
4
3
1
21
24
4
0
23
18
16
0
3
0
0
24
24
19
1
1
2
23
21
0
1
0
17
2
23
2
0
20
21
20
19
19
4
22
3
15
21
4
0
23
17
22
18
0
0
4
3
15
20
3
16
24
23
3
4
0
24
0
18
15
2
16
21
23
0
2
23
18
21
2
23
3
16
0
0
18
1
0
3
17
0
23
4
1
18
16
0
16
19
0
18
22
15
1
0
22
0
22
16
22
3
22
24
17
16
2
15
23
2
2
2
18
22
4
22
3
1
2
0
22
15
4
0
23
19
15
3
17
4
1
4
21
18
15
18
21
1
24
3
3
23
22
3
1
3
21
17
23
1
16
1
3
0
22
24
3
1
2
24
3
15
3
17
0
20
17
21
1
24
0
0
2
19
22
4
16
1
4
20
0
3
2
16
16
1
18
22
1
21
1
24
24
18
18
2
0
24
0
4
24
0
24
2
0
1
23
2
24
16
18
2
2
23
22
16
21
2
16
19
1
3
2
3
23
4
2
3
23
4
21
18
15
2
22
20
16
4
17
4
2
17
15
19
16
0
0
4
16
2
18
3
4
17
4
2
19
20
23
16
16
4
0
3
19
17
4
17
16
4
3
2
4
18
3
1
22
4
3
3
3
20
0
24
15
22
1
1
0
23
4
1
0
18
3
19
20
17
18
21
17
0
16
23
3
18
1
2
20
21
4
21
19
18
1
15
23
1
1
23
3
1
1
22
15
22
0
20
0
18
2
3
18
0
0
3
24
4
2
0
16
17
24
23
20
23
4
20
22
2
17
4
1
1
1
2
20
15
1
21
3
1
1
3
21
0
0
1
2
2
18
17
20
4
3
1
1
2
16
1
2
4
2
2
22
4
19
22
1
16
4
18
1
18
15
1
4
4
20
22
3
16
1
17
15
0
15
23
2
18
18
1
24
3
4
2
17
22
0
2
4
2
2
15
18
2
1
18
15
1
20
15
17
4
3
0
1
2
18
15
21
18
22
0
4
18
3
1
15
1
15
24
3
2
4
3
1
18
15
4
20
21
23
18
0
21
1
18
2
23
1
1
1
3
1
0
17
0
0
16
19
22
4
4
23
23
1
15
15
3
3
16
3
3
2
1
16
18
22
2
19
15
21
0
17
3
0
22
2
1
17
16
18
22
16
4
20
4
19
16
15
4
2
16
24
15
17
4
4
3
19
18
20
23
4
15
20
21
22
3
16
18
21
17
24
1
16
2
1
1
17
2
21
17
22
23
4
0
22
23
19
23
17
0
15
21
22
17
16
17
17
24
1
16
17
2
3
22
0
18
24
0
15
23
18
19
17
17
2
23
2
0
4
0
24
3
23
23
21
22
3
23
1
22
1
20
4
24
0
3
1
4
0
0
3
17
2
17
15
20
0
18
2
3
1
22
18
23
3
1
3
1
19
2
16
3
2
22
16
2
19
24
16
4
3
4
20
4
2
15
0
15
18
4
15
1
18
4
24
21
1
21
4
1
1
17
15
24
1
4
1
0
19
2
16
2
2
1
0
4
1
2
3
16
18
19
21
20
0
3
2
1
22
20
20
19
3
15
4
1
1
0
21
0
16
22
0
3
21
22
22
19
4
3
23
0
15
0
0
18
22
24
0
0
19
1
19
22
17
1
16
3
18
15
1
20
3
18
17
3
19
3
15
1
1
21
1
0
2
20
20
21
1
0
0
21
3
2
22
22
0
19
23
2
3
22
22
0
3
16
3
15
15
1
2
16
2
4
19
3
18
18
2
17
2
0
19
0
20
24
24
24
19
0
20
18
17
0
24
2
1
21
23
22
1
18
4
1
4
0
15
2
23
2
4
0
15
18
18
4
2
1
21
17
2
18
15
22
3
17
24
1
0
21
24
4
0
4
3
3
22
0
19
19
16
19
18
3
16
20
3
4
4
16
21
16
15
23
2
1
17
17
18
24
1
2
0
1
2
4
16
19
4
16
0
15
4
1
4
19
23
0
1
0
20
18
19
19
23
18
0
18
3
23
17
1
15
2
15
16
4
1
0
19
1
0
3
4
3
20
4
24
1
15
4
18
2
16
23
20
17
21
18
19
22
24
1
3
3
2
2
2
17
18
17
2
24
17
24
1
16
18
2
21
0
23
17
3
19
23
4
20
4
4
17
2
2
21
22
1
16
22
19
19
23
19
2
22
2
1
15
19
21
3
19
1
2
3
21
24
18
4
15
18
20
22
17
16
17
15
4
17
2
15
19
4
1
16
19
2
2
0
15
1
22
24
1
24
19
4
0
24
0
4
22
16
24
2
0
2
16
20
17
15
2
21
20
23
2
4
22
22
4
21
0
2
0
4
2
24
1
2
2
15
18
1
1
23
21
17
22
0
4
23
2
20
4
23
15
16
17
0
20
3
0
1
1
4
3
4
19
2
1
19
24
1
23
15
1
2
1
3
0
0
2
0
2
19
17
17
18
15
1
20
3
18
17
4
2
20
3
19
4
1
2
22
0
24
4
18
4
3
1
19
0
2
18
3
15
22
20
20
24
3
4
2
3
16
16
19
0
0
1
15
4
1
0
3
23
1
1
21
3
22
18
15
4
20
2
0
1
3
16
1
3
4
17
4
18
1
1
23
1
21
22
19
17
0
20
0
1
2
2
18
3
1
16
17
24
3
22
19
21
1
1
15
4
22
4
0
22
22
2
21
23
0
18
17
23
20
20
0
2
4
3
21
24
24
4
0
0
18
17
18
4
0
4
0
3
2
22
22
18
1
22
19
3
3
16
0
2
0
3
18
24
1
3
22
4
1
21
0
24
2
1
15
3
18
0
2
20
1
2
24
23
4
23
17
2
2
19
2
21
0
17
16
23
19
0
3
2
1
2
2
19
2
20
17
4
24
4
21
4
3
4
16
3
4
24
0
3
22
15
0
21
15
15
0
16
24
19
15
4
1
23
3
2
2
1
4
21
15
22
3
0
3
2
2
3
19
3
21
1
4
22
2
23
4
4
4
3
17
2
4
3
19
17
18
4
17
16
3
20
1
21
17
3
19
19
4
1
17
17
16
24
24
2
1
23
0
15
4
4
22
23
16
1
15
17
20
21
16
0
2
2
16
20
0
4
20
0
0
3
1
21
4
22
21
2
21
4
24
18
1
21
1
4
3
4
20
0
18
0
2
16
17
4
3
2
1
24
2
21
4
23
19
16
19
15
4
18
2
18
0
24
24
3
2
23
4
16
3
19
2
15
3
22
0
0
4
4
23
17
1
1
24
1
0
0
3
20
23
0
3
22
0
0
17
2
1
21
2
24
18
22
0
1
19
0
2
1
3
4
17
20
17
20
24
18
20
22
24
17
23
4
4
22
17
0
2
2
15
4
22
17
23
15
3
2
1
20
24
17
2
23
20
0
4
15
4
0
19
17
18
0
19
1
24
0
24
4
2
23
3
2
21
20
17
16
22
17
19
15
3
0
17
4
3
2
2
19
22
20
1
1
4
4
23
19
1
1
17
17
19
4
24
24
21
20
22
0
17
23
17
2
18
23
23
16
20
4
3
16
16
21
19
1
1
2
2
4
3
4
3
3
23
0
23
22
16
24
17
1
24
15
2
2
4
22
17
16
20
16
0
23
22
20
1
20
4
4
1
4
24
23
17
17
4
22
21
0
17
1
2
20
1
17
2
23
18
20
1
2
22
23
2
2
2
18
20
19
2
24
17
1
21
17
21
18
18
24
0
3
23
19
3
21
15
16
0
1
0
18
16
3
19
0
1
4
3
15
23
4
2
15
2
23
3
0
4
0
20
2
24
22
17
21
15
21
21
22
23
3
0
3
1
0
3
1
15
2
15
22
19
23
2
18
17
3
22
2
4
21
23
21
23
0
15
24
4
18
2
18
3
0
4
4
0
2
2
0
17
2
3
15
2
3
22
15
19
20
18
1
0
16
15
3
24
4
19
19
4
22
2
1
16
0
0
3
3
2
19
2
24
17
2
17
1
0
24
16
24
3
22
24
22
2
0
3
15
18
4
0
19
18
3
1
22
4
4
2
1
4
22
4
24
0
20
1
1
17
21
18
19
1
18
15
1
4
4
21
17
3
4
3
19
2
4
1
17
0
0
24
0
1
24
16
23
17
2
3
1
2
23
15
0
16
2
0
0
4
2
19
4
4
24
19
2
24
0
4
2
23
0
23
0
15
18
2
19
1
18
4
0
24
23
0
21
23
20
24
4
0
2
0
16
23
3
18
15
18
4
15
2
20
0
18
4
19
17
0
3
20
3
17
18
2
1
16
2
0
15
22
1
4
21
15
3
1
4
0
1
2
4
0
0
24
0
22
16
22
2
20
23
2
2
22
23
2
4
22
4
21
4
24
4
0
16
1
4
0
2
0
0
19
2
3
21
21
3
16
1
19
3
16
16
15
3
4
2
15
23
4
0
22
16
20
0
1
22
21
19
1
19
23
3
22
23
15
3
2
18
21
15
17
4
16
19
0
23
3
4
1
23
4
4
24
17
4
17
4
23
18
19
4
2
2
2
3
20
20
24
17
1
15
24
3
2
4
0
15
15
20
18
1
4
23
1
3
16
17
4
20
16
2
20
4
3
21
1
0
24
2
4
20
4
0
0
17
22
16
18
1
4
2
15
24
3
17
1
3
2
0
2
0
2
20
1
2
21
20
3
1
16
1
3
2
24
4
1
17
18
16
0
21
0
1
18
18
21
16
15
21
23
15
4
18
19
4
3
1
0
4
18
3
22
23
0
16
24
18
0
21
24
18
4
1
1
18
17
21
23
19
0
23
20
18
17
0
0
1
1
16
4
2
19
2
18
2
24
4
0
18
21
0
3
0
1
1
2
20
21
16
24
4
24
2
3
0
24
0
0
2
16
23
20
3
0
2
20
4
21
0
24
22
24
2
15
4
4
19
1
0
23
22
24
23
21
20
2
19
4
17
1
20
1
0
0
3
3
15
4
20
24
23
16
24
4
3
16
4
16
1
15
4
3
18
1
15
3
18
20
21
16
22
1
1
3
24
4
4
2
24
22
1
2
4
16
16
15
2
0
22
0
4
2
2
3
18
23
3
4
4
21
20
0
4
3
2
23
4
23
4
2
1
24
16
21
23
0
0
20
3
3
0
0
1
18
2
1
4
1
18
4
3
4
0
23
3
0
20
1
20
4
21
21
15
20
1
4
23
1
23
17
15
0
21
17
18
4
22
20
2
3
23
3
16
23
19
23
1
20
24
0
3
1
16
3
2
18
0
23
23
0
15
24
20
0
2
1
3
19
2
19
0
24
0
1
0
23
24
19
0
20
4
2
0
17
15
22
2
17
16
18
20
15
2
20
2
4
16
0
15
0
22
0
16
23
17
0
20
2
3
16
4
0
0
0
3
1
21
2
0
16
17
1
2
3
15
1
15
18
20
2
18
18
0
20
24
15
0
0
18
4
23
4
1
20
0
22
16
1
19
15
15
18
17
18
2
0
24
18
15
24
24
3
3
24
1
3
17
3
18
1
2
3
19
4
24
23
21
24
23
18
23
24
3
0
19
4
4
2
0
0
15
22
3
23
0
0
16
18
3
0
24
18
21
18
22
22
19
3
4
23
3
24
23
4
20
4
19
15
3
2
21
24
1
21
0
1
18
3
1
23
21
2
23
4
0
22
1
20
16
20
20
4
4
21
2
20
2
1
19
23
20
4
17
0
16
20
22
23
4
19
4
24
22
20
15
18
0
22
20
23
15
3
16
22
0
24
0
3
23
2
4
1
4
3
17
0
15
0
4
1
19
18
15
1
4
3
23
23
15
0
22
1
3
16
19
20
18
17
19
2
3
1
19
3
17
24
15
16
24
0
3
16
3
2
18
22
1
19
24
3
1
2
17
20
19
4
1
17
1
4
18
15
2
15
3
22
1
2
15
23
2
1
22
17
16
4
17
1
24
0
1
2
4
17
22
18
20
1
1
4
0
3
16
0
1
20
2
4
22
2
19
1
19
3
20
4
3
24
2
19
3
19
2
4
23
1
0
22
15
2
24
2
3
18
0
3
1
15
1
21
1
21
19
0
1
2
0
1
18
24
23
20
4
0
19
24
22
1
24
24
24
3
20
0
4
15
15
1
24
2
3
21
3
3
4
4
3
1
2
16
22
19
21
0
0
1
23
21
4
2
17
20
18
4
3
15
2
18
18
24
17
3
21
1
15
19
18
15
15
24
3
4
18
20
4
21
3
1
23
3
22
0
3
1
2
24
0
20
2
1
4
17
20
0
16
0
21
21
3
2
2
19
2
23
3
21
4
18
2
0
20
24
2
15
1
4
4
24
15
19
21
0
23
4
3
16
1
24
15
2
24
2
23
15
3
2
1
17
2
0
0
15
4
2
18
0
21
17
4
0
24
4
20
1
21
4
1
1
1
0
1
15
20
24
1
4
21
15
2
0
15
20
20
24
2
3
24
19
24
23
4
3
16
3
24
15
15
16
3
3
3
21
16
22
15
4
24
0
1
20
20
4
19
0
24
1
16
23
15
4
2
16
0
20
16
18
1
0
21
23
2
15
17
4
17
3
19
23
20
22
1
4
0
1
2
15
21
3
3
16
16
3
3
0
18
21
20
15
1
2
1
4
4
22
1
21
24
17
20
18
24
17
2
19
2
22
22
3
16
22
21
4
24
16
19
21
17
1
23
4
0
2
1
0
2
23
21
24
16
15
19
23
1
24
1
1
20
20
17
16
0
20
2
21
3
0
20
3
3
3
19
24
23
0
2
4
4
0
3
2
1
3
4
4
3
3
17
3
3
2
19
23
22
24
19
17
3
2
1
0
2
17
3
16
23
2
20
19
15
22
23
1
2
1
21
23
21
22
24
21
0
18
2
20
22
24
24
21
4
16
18
20
2
15
0
1
2
23
2
2
3
1
2
16
3
20
4
4
21
3
0
4
3
3
20
20
4
0
1
20
17
24
16
15
2
18
20
23
3
1
1
0
3
20
20
17
3
19
3
21
4
1
22
4
0
23
1
19
0
3
4
3
3
18
17
0
2
2
22
24
22
21
22
3
4
19
1
0
4
1
2
22
4
4
15
2
1
2
0
17
2
16
4
21
19
0
1
22
1
0
16
0
18
22
4
0
21
15
15
2
17
19
2
4
24
17
1
1
4
17
22
0
23
4
4
21
4
23
20
18
1
22
1
20
20
3
22
24
4
21
16
2
1
23
3
19
2
21
16
0
19
0
24
19
17
3
2
19
3
3
20
3
1
15
1
1
2
21
23
2
21
4
1
2
22
4
3
4
23
4
20
4
0
3
15
1
15
19
21
2
16
20
2
4
22
17
4
1
16
2
2
1
4
16
2
15
3
1
0
23
17
4
3
15
23
4
1
18
4
2
3
17
17
0
24
24
22
20
2
0
1
1
4
20
1
1
4
20
20
19
3
1
22
16
20
0
0
17
19
17
2
24
17
24
19
21
2
17
3
3
22
1
3
2
19
20
1
4
3
21
2
19
24
16
21
1
19
17
21
24
4
0
1
2
17
4
24
22
19
0
18
24
20
15
20
3
17
3
21
20
3
21
0
16
23
0
18
1
18
3
22
23
22
0
4
0
23
20
23
16
20
17
23
16
19
21
21
2
20
24
23
1
16
1
2
3
16
3
17
0
22
15
4
1
16
21
23
22
16
1
4
0
22
24
1
18
22
2
0
19
15
2
19
21
21
4
3
16
19
19
2
3
20
2
22
18
2
4
4
3
1
20
24
1
4
19
0
4
16
4
22
1
0
17
1
19
19
18
4
20
3
0
4
23
22
0
4
15
22
22
0
21
16
20
4
15
24
15
18
21
4
15
17
15
23
18
2
1
2
2
24
1
2
2
1
15
2
2
16
21
3
1
0
17
2
1
1
1
4
0
18
0
2
17
4
15
23
15
19
17
18
3
17
24
4
17
4
0
2
1
15
24
24
15
0
4
3
21
2
3
4
0
23
3
24
15
2
2
3
23
21
1
20
17
24
18
17
23
17
2
19
4
22
19
1
15
24
20
4
3
22
2
17
0
20
19
1
16
20
15
4
0
20
15
1
2
23
0
4
23
20
22
15
4
20
23
3
24
3
2
17
16
17
18
15
22
19
1
3
2
24
21
17
20
23
16
3
4
0
2
1
0
16
17
15
15
24
2
22
23
3
4
4
17
1
0
17
20
20
3
17
19
2
21
20
18
3
4
15
1
2
18
2
19
22
3
1
4
0
3
23
23
3
1
4
1
16
15
2
2
3
0
16
24
23
3
1
19
2
23
24
24
2
2
22
20
4
2
22
2
19
1
1
20
4
19
3
0
19
21
16
0
19
21
0
4
0
20
19
21
20
3
2
17
1
3
3
1
19
24
19
24
0
23
22
21
1
24
21
0
24
17
23
23
19
17
3
19
4
4
15
17
3
4
4
17
3
15
0
24
24
4
2
0
0
18
21
3
2
15
18
16
20
18
1
4
18
3
1
16
20
2
19
24
19
4
2
20
3
17
15
24
0
19
22
22
2
1
18
2
22
4
1
4
0
16
21
17
24
17
2
0
1
24
2
4
0
1
18
0
3
16
3
24
3
15
19
22
22
1
19
16
19
19
2
22
2
24
16
1
16
1
2
0
4
19
2
2
18
16
0
0
4
0
0
1
15
21
24
15
0
1
3
4
21
15
1
23
24
1
21
24
1
17
3
22
15
1
4
20
21
19
15
24
22
19
17
23
1
1
4
19
17
1
20
3
1
21
0
0
15
22
19
20
0
2
0
1
4
2
0
19
23
3
0
0
19
2
3
2
20
3
20
21
20
2
23
23
0
2
1
4
19
24
2
3
16
1
1
22
0
23
1
0
4
0
1
4
16
20
4
22
3
21
1
23
0
3
2
4
2
0
2
4
3
2
0
0
17
2
19
16
19
1
3
15
1
3
21
4
19
23
3
23
2
1
3
1
15
15
3
2
3
19
19
1
17
3
3
2
1
16
2
21
19
21
18
22
4
4
2
1
4
19
22
17
2
4
16
0
24
24
16
21
0
1
4
3
2
22
4
3
4
17
0
18
1
23
18
19
4
0
4
22
17
4
21
20
20
23
18
21
22
21
21
0
0
21
23
19
4
16
3
23
2
21
24
1
20
0
15
4
0
21
1
24
16
21
24
24
1
0
18
15
20
24
23
21
4
17
17
18
2
18
4
15
0
20
17
18
22
0
24
2
23
23
15
4
15
0
2
2
18
16
0
23
22
17
21
4
15
4
1
23
0
4
0
23
3
19
23
24
1
1
19
4
1
21
0
0
15
3
18
22
0
19
0
3
4
24
22
20
19
3
23
3
1
3
17
4
1
15
16
17
0
23
15
0
3
24
20
0
16
2
3
1
24
22
4
2
2
17
21
23
4
24
3
24
17
18
1
23
21
15
4
23
19
24
23
4
21
4
4
1
3
1
23
22
1
24
20
4
23
4
17
24
1
17
0
23
16
15
18
18
2
18
24
4
3
1
24
2
2
20
1
2
20
0
1
18
22
4
17
3
1
19
4
3
1
19
18
4
21
18
22
23
2
22
23
22
3
22
4
22
1
24
1
1
4
0
0
2
3
0
0
0
20
4
17
15
0
0
22
0
17
4
20
19
2
22
23
24
1
1
4
0
22
2
18
3
21
19
4
3
1
18
1
16
20
17
1
4
0
3
21
1
21
3
4
0
24
3
1
2
4
3
19
4
2
18
17
4
0
2
22
0
3
20
18
21
0
2
17
0
0
17
15
23
17
1
2
1
0
22
23
4
4
20
22
20
22
4
20
3
17
2
2
15
2
19
3
3
0
1
0
15
4
20
4
1
17
17
24
3
17
0
2
16
16
4
3
4
23
20
18
21
23
17
16
2
15
2
17
15
4
3
16
4
3
20
18
3
3
0
23
20
0
16
4
4
16
20
15
3
1
3
4
22
22
17
24
24
21
1
1
2
1
3
18
1
4
4
3
0
1
3
1
2
17
24
17
19
4
21
15
4
3
1
22
22
18
2
3
20
3
4
2
17
1
17
2
3
4
1
19
15
4
19
20
1
3
17
1
24
3
23
1
22
17
23
22
20
0
0
20
18
16
2
4
2
18
15
1
0
4
16
1
1
0
4
17
22
17
4
3
15
16
0
0
1
17
17
2
2
2
4
1
3
3
2
20
19
22
22
2
2
16
0
18
23
3
16
1
19
21
22
20
4
3
2
2
2
3
17
24
1
18
0
21
2
3
16
4
1
4
18
22
4
4
21
4
0
0
0
3
18
16
21
15
24
4
18
2
1
16
24
3
19
17
4
20
23
23
0
3
2
21
4
1
1
0
21
19
17
4
3
2
22
0
2
21
0
4
21
21
0
21
4
15
2
2
23
0
2
1
17
2
19
24
15
0
3
3
16
17
20
23
15
18
24
17
4
0
18
23
3
23
3
23
22
18
1
18
3
0
4
3
23
21
22
4
23
4
0
1
3
19
15
4
4
0
23
4
24
2
4
4
2
19
2
21
2
16
1
2
4
19
4
20
1
0
2
22
4
17
0
19
3
18
24
18
24
0
23
2
22
3
23
22
3
0
23
17
2
22
1
22
3
23
18
21
23
4
1
1
18
24
18
24
21
2
22
3
1
21
3
19
3
20
1
4
2
0
18
24
18
23
21
2
22
16
3
4
17
23
23
1
16
20
3
2
17
1
22
4
3
15
19
20
21
19
1
15
24
18
22
0
18
1
18
17
19
20
2
22
2
4
18
20
3
19
3
17
3
3
2
2
22
20
3
1
4
3
1
21
17
15
21
19
0
1
2
19
2
17
22
16
23
19
1
15
3
24
19
20
2
0
3
1
22
1
23
0
3
21
23
1
0
17
22
4
1
0
16
3
0
22
1
15
4
0
4
20
0
4
1
21
0
15
0
1
23
18
3
1
4
20
2
4
20
4
16
22
22
18
23
24
17
17
16
21
1
4
4
17
1
21
21
15
4
19
16
23
16
16
3
0
0
20
3
1
20
4
16
3
1
4
1
24
3
0
16
16
3
20
2
22
23
1
18
0
24
17
1
15
4
4
17
16
3
2
16
4
18
21
15
15
16
17
17
1
3
4
1
22
22
4
4
20
24
22
16
2
2
21
20
3
16
0
3
0
17
15
3
19
0
23
1
22
2
0
20
2
23
3
21
2
3
1
0
3
0
15
23
2
16
3
20
17
1
4
23
2
0
17
1
0
4
18
1
1
16
24
3
4
1
2
22
18
21
2
19
18
18
2
3
18
2
16
1
18
16
2
1
17
17
20
19
19
19
23
23
4
23
0
1
2
19
15
3
3
18
2
0
18
3
1
21
4
20
23
0
15
19
2
0
4
0
15
0
23
2
20
0
23
21
4
1
0
22
1
17
1
15
22
2
20
4
24
0
21
1
16
17
21
19
2
21
18
2
22
19
16
23
21
1
23
1
20
4
16
3
0
18
18
20
2
20
2
4
2
16
1
17
4
0
2
0
23
2
18
1
1
0
4
19
4
2
0
2
1
4
1
15
3
4
1
22
19
18
22
2
18
21
3
1
19
0
1
20
18
22
1
3
0
4
4
17
2
18
20
22
1
2
19
24
4
21
20
1
0
15
0
2
4
1
0
22
3
22
1
20
0
1
22
23
20
4
19
21
1
1
0
2
2
3
3
0
21
4
2
17
21
0
4
2
22
2
2
2
15
4
23
23
18
20
16
4
24
3
21
18
24
3
15
1
15
3
4
16
20
0
4
19
0
3
17
2
3
23
0
1
1
1
4
3
3
16
4
3
22
19
0
4
24
21
24
2
22
4
2
23
0
20
17
2
2
15
0
17
1
4
4
16
18
22
18
4
19
17
22
1
3
21
16
18
2
18
20
3
21
15
1
1
2
2
24
2
16
0
23
1
16
18
23
18
1
3
1
3
16
1
20
2
18
4
18
18
1
0
16
1
23
2
24
23
4
2
2
4
23
18
0
17
18
4
16
19
4
3
3
1
24
20
1
24
3
16
4
1
1
0
19
16
24
3
4
2
20
2
4
20
15
0
2
0
21
3
4
2
24
18
3
0
15
23
23
23
18
0
4
24
15
16
20
3
0
4
19
20
2
3
21
4
0
1
2
22
23
24
3
0
22
2
21
2
15
3
23
24
24
3
21
15
19
23
18
19
4
21
21
4
17
16
2
15
21
21
18
15
19
2
2
1
21
17
17
4
1
18
21
18
4
20
21
17
16
21
2
21
2
20
4
0
0
0
3
17
0
4
1
24
0
24
2
3
15
19
1
20
2
15
20
4
15
15
1
22
2
4
0
19
3
2
24
16
4
3
3
2
23
3
0
4
0
3
16
0
2
17
21
19
3
4
0
0
15
2
4
4
24
15
18
23
0
3
21
1
3
24
20
20
24
4
4
15
1
15
0
20
3
19
4
4
19
0
2
1
23
1
3
19
24
1
18
1
16
22
17
20
24
24
0
2
17
15
23
1
1
19
23
4
1
3
21
18
18
21
0
21
22
4
23
19
3
20
23
4
18
21
3
1
3
3
20
21
4
0
23
24
19
3
24
4
2
0
0
1
0
24
4
15
20
3
16
24
4
19
17
2
3
17
15
3
2
0
24
4
24
22
21
2
0
1
4
4
3
3
17
21
18
3
22
3
4
22
0
4
1
4
20
23
2
19
17
3
18
4
19
17
1
1
3
24
0
15
20
0
22
3
19
4
4
4
4
0
24
0
0
19
3
20
0
1
19
16
4
21
19
2
19
19
24
20
0
21
18
1
4
15
21
4
3
1
15
18
1
1
