11121
2707
2753
2795
2866
729
631
846
501
732
717
587
717
710
728
700
657
616
629
760
861
183
177
198
171
164
140
166
161
215
235
170
226
141
118
141
101
197
170
154
211
211
165
193
148
203
113
129
142
162
171
178
206
118
186
208
198
141
200
224
163
151
206
157
186
114
208
171
164
162
136
139
179
221
168
122
118
161
189
235
175
232
217
195
217
48
7
76
52
42
36
37
62
28
65
42
63
29
26
65
51
32
27
60
45
44
47
25
24
23
40
60
43
37
17
41
66
61
61
34
59
87
47
26
75
54
23
45
48
54
80
42
50
44
27
30
40
55
1
42
20
49
49
24
19
26
9
43
23
70
29
27
71
45
47
42
36
38
28
43
45
28
63
55
65
65
63
25
58
24
67
25
49
22
62
66
43
37
25
64
22
29
45
65
64
20
19
27
47
20
28
51
30
41
51
40
10
32
27
37
66
63
49
26
33
9
58
62
49
65
60
22
59
9
26
48
35
29
62
36
59
59
59
46
44
68
26
75
29
11
48
39
43
42
60
45
53
50
59
34
81
62
81
9
11
57
43
23
28
64
42
62
38
52
46
28
31
47
59
40
40
38
25
11
40
43
45
83
37
42
28
53
48
48
75
9
32
25
68
51
18
58
11
43
24
45
47
35
12
34
57
44
44
42
57
49
73
40
41
40
47
62
19
22
19
22
17
28
51
44
60
51
6
85
30
31
43
58
59
47
71
29
35
38
73
44
87
38
63
7
82
68
60
61
43
64
27
40
57
56
64
23
3
18
4
3
0
1
3
19
20
16
21
2
23
24
3
17
4
1
20
16
20
0
0
0
0
22
15
24
15
0
23
2
24
2
0
15
24
22
4
18
4
1
19
0
22
19
22
3
22
2
2
0
3
21
2
2
20
24
19
24
19
4
4
4
3
2
23
1
24
1
1
17
19
4
20
2
22
0
21
4
18
20
2
4
23
19
1
19
0
4
2
4
1
3
16
3
4
16
0
18
3
2
17
17
23
3
17
0
4
17
22
17
1
4
15
0
1
16
0
3
18
19
1
22
4
23
17
17
21
0
23
17
18
4
22
4
15
15
0
21
0
15
23
18
24
23
22
21
22
2
2
17
4
2
3
20
16
23
16
19
17
3
15
3
1
15
4
3
20
21
1
2
22
0
24
16
0
16
22
17
18
21
24
3
0
22
17
23
20
4
3
23
3
1
17
23
2
2
0
20
4
2
4
2
21
17
0
24
16
15
0
0
0
1
0
3
18
3
18
1
17
2
0
4
3
20
22
4
2
22
21
22
0
1
1
0
16
1
2
3
23
0
0
4
2
2
1
0
16
4
23
2
19
0
2
21
24
23
2
18
4
3
4
23
0
4
0
2
24
22
23
20
2
23
0
2
24
3
18
19
0
23
0
16
0
0
20
0
19
17
2
3
1
21
3
16
3
22
2
2
24
19
0
2
1
22
3
22
24
2
15
16
22
0
17
23
3
23
16
22
20
23
0
19
24
3
17
19
3
0
3
16
17
21
4
16
3
2
3
23
21
20
3
19
1
1
4
24
20
3
2
16
3
0
3
16
2
22
22
4
24
16
22
4
3
20
16
4
15
18
0
19
1
2
3
17
1
22
24
2
17
0
3
23
0
3
3
4
19
2
20
24
22
0
19
19
20
2
23
4
15
0
1
1
17
1
0
1
4
3
19
0
24
23
0
16
0
2
2
3
0
1
24
1
4
22
24
2
20
4
4
16
3
1
21
15
17
17
2
3
0
20
17
4
4
0
2
23
3
4
2
0
24
3
0
4
16
2
15
24
18
0
24
4
19
21
19
4
21
3
21
1
19
4
2
2
4
3
24
3
3
0
3
15
17
2
24
1
17
21
23
21
1
24
3
0
19
24
22
23
15
20
2
15
1
2
4
22
22
0
15
2
1
4
2
4
2
4
16
2
19
23
4
0
19
1
15
4
1
21
3
22
2
17
21
21
15
0
0
23
4
16
16
24
18
0
17
23
17
15
4
17
2
4
23
0
23
21
0
4
19
23
22
4
16
3
3
20
20
18
17
4
1
3
21
2
1
4
4
20
2
22
4
1
3
17
18
18
2
3
20
3
17
21
1
4
18
18
20
2
20
23
0
18
19
0
16
2
21
23
4
19
1
20
19
16
15
2
1
20
17
24
20
16
24
19
3
21
18
21
21
1
4
4
0
2
2
4
3
2
18
21
16
2
18
0
23
18
0
4
1
0
2
24
2
24
16
4
20
20
3
19
0
22
1
17
22
15
3
19
1
16
18
2
16
0
21
3
22
2
20
2
4
2
3
2
24
2
18
3
24
16
24
1
18
0
18
18
4
1
0
16
23
0
21
1
16
0
21
0
4
2
2
4
3
1
15
22
2
4
2
16
21
21
2
20
2
23
18
19
23
2
16
1
18
21
17
4
0
2
4
4
18
22
15
0
16
3
24
21
0
22
4
4
18
22
18
20
15
3
1
3
2
3
24
4
1
4
0
19
2
20
4
23
21
4
4
19
24
0
1
2
15
4
15
15
24
3
4
4
0
19
21
1
2
2
0
22
0
2
3
21
19
2
2
24
19
1
4
15
15
4
1
3
4
24
4
2
4
20
18
0
19
21
17
3
3
0
19
22
3
1
2
21
18
3
16
23
15
3
22
2
22
16
16
19
22
1
2
20
17
1
22
3
15
22
1
17
0
17
4
4
22
2
16
22
22
1
15
1
2
3
16
1
2
0
15
3
1
0
3
16
3
0
16
1
0
1
22
4
1
22
1
24
4
2
1
19
22
18
21
2
19
16
0
18
17
2
1
2
1
23
20
19
23
4
4
4
18
4
3
20
4
4
19
2
18
23
2
17
16
1
18
18
22
20
3
4
20
23
24
1
23
23
4
0
2
17
1
17
0
2
1
19
16
19
15
16
23
1
4
24
15
22
21
20
24
1
15
3
19
23
15
4
21
2
0
4
1
20
22
16
24
24
17
4
23
21
18
1
20
16
3
23
19
17
0
23
3
20
2
22
20
2
3
1
21
3
2
19
16
3
19
15
20
22
16
17
1
4
18
23
19
