20
numero,punto critico,[manzanas]
1,414  3  12  24,[407  2  10  16, 415  4  12  11, 412  2  11  10, 416  4  11  9, 418  3  10  9, 413  3  11  8, 411  2  12  2, 458  5  12  1]
2,424  2  13  24,[423  2  14  12, 421  1  13  2]
3,445  7  15  24,[450  7  14  18, 441  5  15  13, 442  5  16  8, 444  6  15  8, 440  6  13  6, 657  7  17  6, 446  7  16  4, 439  6  14  2, 443  6  16  2, 449  7  13  2]
4,469  9  9  24,[470  9  10  4]
5,475  10  12  24,[474  9  12  12, 487  10  14  11, 488  10  13  4]
6,478  11  12  24,[482  11  10  19, 497  11  13  19, 477  11  11  17, 480  12  11  16, 483  12  10  15, 479  12  12  12, 498  11  14  2]
7,485  9  13  24,[452  8  13  14, 486  9  14  14]
8,501  13  13  24,[523  14  12  19, 522  13  12  18, 513  15  13  15, 516  16  13  14, 521  13  11  14, 500  12  13  11, 526  15  12  9, 504  14  13  4]
9,506  13  16  24,[495  12  16  14, 837  13  17  6, 494  11  16  4, 804  12  17  4]
10,537  9  3  24,[397  7  3  17, 400  8  3  17, 534  9  2  16]
11,540  10  3  24,[539  10  4  18, 552  10  5  5]
12,598  1  18  24,[602  1  20  15, 613  1  21  7, 614  1  22  7, 601  1  19  5, 597  1  17  2]
13,699  6  32  24,[700  6  31  16, 702  7  32  10, 701  7  31  4]
14,727  10  26  24,[723  8  26  18, 722  7  26  16, 732  10  27  9, 738  11  26  7, 726  9  26  6, 729  9  27  1, 733  11  27  1]
15,773  13  25  24,[777  13  27  18, 774  13  26  13, 826  13  24  6, 825  13  23  1]
16,811  10  24  24,[812  10  23  18, 639  8  24  17, 638  7  24  8, 810  9  24  1]
17,814  11  24  24,[737  11  25  13, 815  12  24  5]
18,846  15  20  24,[857  17  19  17, 845  15  19  16, 833  15  21  14, 848  16  19  13, 847  16  20  10, 850  15  18  9, 851  16  18  7, 834  15  22  5]
19,881  19  21  24,[872  18  21  9]
20,884  20  21  24,[885  21  21  15, 864  20  19  8, 863  20  20  6]