49057
12177
12160
12471
12249
3010
3077
3227
2863
3003
2944
3118
3095
3139
3184
3169
2979
3026
3084
3081
3058
754
801
764
691
781
774
784
738
787
812
767
861
740
727
650
746
765
738
719
781
695
723
842
684
911
881
569
757
755
795
788
757
662
876
797
804
740
771
796
877
773
808
766
822
762
725
731
761
694
769
811
752
752
871
709
752
760
741
835
745
802
780
734
742
191
163
228
172
185
185
222
209
167
145
194
258
185
125
197
184
225
163
211
182
160
220
223
171
196
181
219
188
198
242
143
155
182
192
229
184
182
185
202
243
202
188
196
181
165
200
238
258
167
225
185
163
222
172
203
130
183
164
144
159
158
192
170
226
228
164
200
173
170
168
232
168
182
168
195
174
198
189
224
170
187
187
132
189
133
197
217
176
249
214
199
180
169
183
165
167
228
267
244
172
185
239
252
205
125
137
138
169
221
169
181
186
188
195
208
164
200
210
156
229
218
222
167
181
234
181
170
172
209
155
164
134
237
244
152
243
201
195
207
194
217
189
218
180
190
175
157
218
211
143
208
209
154
222
204
216
212
221
232
212
212
129
213
219
212
239
205
152
211
190
180
185
195
209
203
215
212
179
191
180
144
212
163
206
136
179
223
193
192
236
180
153
186
159
196
153
187
188
138
256
222
197
176
216
240
156
172
184
203
179
182
188
235
181
215
240
155
204
164
186
204
171
216
161
223
176
138
223
230
199
199
113
186
238
211
200
185
180
196
184
206
199
179
218
219
183
222
156
235
160
152
187
206
206
195
135
45
50
46
50
23
21
82
37
63
51
66
48
50
33
30
59
72
24
39
50
49
52
56
28
70
51
62
39
45
69
39
56
15
37
54
61
44
48
29
24
22
56
59
57
53
59
75
71
58
21
45
61
25
45
42
13
60
58
37
42
57
45
61
21
64
61
62
38
33
44
49
37
64
51
33
63
65
27
67
23
40
44
40
36
52
67
47
54
72
56
39
56
34
30
59
48
46
68
41
41
48
28
54
51
63
31
53
72
48
27
73
40
67
37
64
30
67
41
62
72
34
44
38
27
47
37
44
27
53
48
25
56
56
47
42
47
55
31
75
68
35
35
62
52
28
63
55
36
59
45
42
39
69
69
34
30
49
79
50
65
68
37
52
45
52
39
47
50
45
35
57
59
45
34
68
34
53
29
45
38
53
44
48
55
63
74
42
59
46
52
84
76
69
19
31
48
55
67
59
44
54
42
30
59
48
35
32
48
64
41
66
51
48
55
31
38
19
68
54
62
49
16
49
16
48
40
41
54
45
53
36
30
45
22
24
53
19
60
37
43
48
44
28
38
44
52
48
48
35
33
62
40
45
54
72
55
64
46
64
54
26
51
41
46
46
43
58
53
38
38
66
31
64
33
30
43
29
45
45
49
48
42
73
69
28
60
32
48
44
30
50
58
32
47
47
42
25
39
86
45
86
27
20
41
54
41
49
54
61
25
49
54
61
42
50
71
46
36
45
43
52
46
50
39
29
62
39
57
23
39
25
45
48
47
59
35
57
28
8
40
56
35
52
54
43
73
24
77
50
67
37
22
49
51
85
64
83
45
64
22
42
43
46
68
18
44
51
67
55
43
28
43
34
34
77
38
33
66
27
39
21
64
47
35
61
67
51
49
67
79
73
48
52
70
67
55
39
29
50
54
40
57
56
32
72
55
34
78
57
77
60
58
41
55
44
65
30
38
16
41
31
28
33
45
37
58
23
20
34
63
46
26
51
61
55
54
44
45
46
34
37
30
48
66
48
40
62
36
35
26
44
83
54
42
71
28
55
41
54
58
33
16
65
50
44
38
41
77
32
52
68
58
31
42
16
67
61
59
70
39
55
63
77
23
73
48
70
31
45
44
44
34
40
42
66
33
62
47
51
74
24
58
63
36
44
50
34
42
27
56
44
45
54
27
47
81
22
34
53
46
48
45
25
46
15
51
20
48
66
57
70
44
58
82
58
46
46
36
45
25
67
56
71
49
65
38
40
58
44
41
52
58
62
55
27
63
27
59
58
50
38
65
57
57
55
41
18
75
46
54
70
48
38
42
52
48
63
38
39
50
35
47
56
37
58
15
55
29
66
69
46
37
46
34
66
65
34
42
36
31
46
49
43
70
48
29
71
61
37
38
45
34
47
59
46
70
47
55
33
69
55
83
35
43
52
45
50
65
50
48
71
52
41
63
79
49
60
41
44
67
47
68
63
34
4
42
28
55
55
49
57
52
73
16
60
70
32
80
37
63
31
74
63
71
65
30
37
73
38
56
27
31
39
53
42
77
42
41
54
53
25
45
54
56
47
41
45
52
56
33
49
57
64
48
43
54
44
58
50
51
79
62
58
16
55
39
79
39
47
63
30
39
43
58
40
50
40
57
45
38
38
21
34
51
38
76
67
31
49
69
20
25
32
52
62
60
24
14
47
51
36
44
48
51
59
47
55
62
13
53
80
47
51
57
36
48
70
49
65
52
63
34
57
26
25
29
50
49
24
61
60
41
27
26
38
68
67
42
41
46
36
41
50
26
67
46
46
28
33
39
68
48
37
19
33
49
38
74
67
77
39
84
62
37
71
60
13
53
53
40
59
24
55
74
44
43
72
41
79
48
48
50
43
15
39
55
45
33
59
27
42
56
30
60
66
47
43
55
70
11
68
40
21
53
70
34
34
50
65
60
49
61
27
42
46
66
29
48
68
70
54
63
66
57
42
51
9
53
53
74
44
33
50
49
31
34
61
56
29
40
42
70
39
53
49
11
63
48
55
45
44
72
17
33
41
70
67
48
48
60
33
40
52
51
11
29
48
50
38
65
48
72
38
79
60
53
53
54
44
48
62
63
38
36
20
26
28
39
57
57
42
30
75
56
51
56
52
57
49
53
36
59
45
60
52
69
15
49
56
57
26
41
32
41
69
54
42
36
73
33
36
54
46
70
49
60
31
59
39
53
36
51
74
50
56
38
54
35
59
71
55
33
27
68
68
61
22
71
37
38
30
51
68
63
37
67
25
43
40
52
32
37
55
28
20
31
58
78
52
49
70
35
46
29
52
79
34
73
32
56
42
39
22
32
12
5
6
22
9
16
6
19
4
17
19
6
19
3
16
12
16
1
4
2
1
6
4
10
23
22
24
13
0
2
11
24
20
13
19
11
20
8
21
2
13
11
24
18
7
23
2
16
22
19
7
2
3
8
2
20
6
0
20
4
4
22
21
12
19
22
10
21
11
7
3
3
18
11
9
1
19
12
6
13
13
0
12
24
18
11
4
19
4
19
13
20
6
1
16
5
24
17
23
6
16
18
10
7
21
16
2
23
6
20
6
7
17
5
7
16
15
14
24
16
6
1
11
21
19
7
19
11
1
0
4
10
0
4
12
21
16
12
9
17
18
15
8
20
22
10
12
0
8
14
13
13
10
2
4
13
7
12
1
4
2
0
10
10
19
5
12
20
16
17
10
16
22
10
3
22
23
12
2
16
12
14
16
17
16
15
21
23
21
22
5
23
6
12
16
24
3
1
13
4
15
4
18
8
18
8
12
23
7
7
7
4
17
5
9
14
3
10
12
17
6
2
4
1
16
24
10
10
4
18
23
13
4
5
18
10
2
15
10
15
14
4
24
15
2
10
14
19
14
11
19
17
1
0
17
3
13
14
19
18
23
9
11
18
24
24
7
7
8
7
0
23
4
19
4
6
20
8
3
13
17
12
16
4
0
23
0
14
13
17
10
24
13
14
5
19
15
3
1
14
17
22
5
19
11
24
20
10
4
10
5
8
3
21
22
21
3
3
1
16
11
9
5
15
22
12
3
7
6
22
11
1
11
15
6
4
20
7
2
23
14
22
12
19
12
17
0
18
5
15
17
17
24
10
19
19
9
17
9
21
5
2
9
23
16
17
18
5
8
6
12
8
2
10
3
15
14
23
10
12
9
24
5
10
0
6
16
24
22
9
16
21
0
19
20
2
20
0
16
5
11
6
13
18
3
1
18
6
3
9
20
22
9
21
5
16
21
17
10
15
4
2
17
8
11
20
0
22
5
23
23
21
2
12
14
20
3
7
10
7
10
23
20
20
13
3
15
9
23
5
23
16
8
14
6
9
3
22
18
21
0
9
1
20
17
6
23
21
0
16
13
12
13
7
21
21
9
21
24
18
18
1
11
4
15
12
3
14
4
16
15
3
1
8
1
17
23
12
2
10
9
6
6
16
14
19
7
4
4
6
1
16
19
8
6
20
11
2
15
20
1
4
5
15
15
5
15
21
8
13
12
23
7
16
16
8
5
4
24
9
6
19
13
9
3
6
24
22
18
10
2
1
21
18
17
19
11
23
13
21
11
2
3
19
2
7
21
5
13
10
16
23
17
18
6
11
0
1
3
24
8
11
21
23
18
18
9
10
7
21
8
0
21
11
20
7
17
13
13
2
5
21
0
16
12
0
6
21
15
16
15
23
23
19
5
22
14
18
2
0
9
7
8
6
22
5
10
12
21
16
20
22
15
6
19
10
13
22
14
16
7
21
21
19
2
6
23
6
23
4
3
22
4
0
17
24
7
19
12
14
21
14
0
4
14
21
4
8
5
14
22
9
23
18
1
3
9
6
20
0
8
21
24
4
18
3
21
17
6
13
2
24
13
3
1
17
24
13
11
20
6
10
15
3
14
8
9
22
2
15
11
1
11
2
23
9
20
5
8
5
15
3
20
15
7
11
21
5
2
18
21
7
10
19
7
19
6
12
24
21
23
15
15
21
3
16
6
17
13
15
13
18
10
22
6
8
16
14
4
18
19
20
21
24
22
22
23
9
5
22
18
24
2
10
6
1
1
10
8
12
7
2
21
18
15
14
11
15
20
13
13
21
23
12
7
17
20
6
1
17
5
17
13
19
11
8
11
12
2
1
7
20
21
17
9
12
6
11
19
12
13
6
11
5
11
3
8
10
21
1
15
11
5
22
20
17
6
21
1
13
19
21
16
10
16
21
6
8
11
16
0
21
10
6
22
17
8
3
3
17
8
18
6
6
5
11
1
2
20
16
23
9
20
2
15
17
8
17
20
17
1
10
18
20
5
4
3
4
21
20
1
7
8
6
0
2
9
7
23
9
13
20
5
2
4
7
19
11
18
17
16
3
9
3
20
13
15
17
16
5
4
17
3
12
4
2
23
1
10
17
14
4
6
9
0
7
5
3
11
5
24
13
3
13
7
3
6
3
23
17
9
11
6
13
14
4
5
23
8
7
7
22
18
1
17
5
6
16
4
4
14
6
15
5
0
18
6
5
10
23
13
18
6
15
19
2
20
7
20
3
22
3
0
5
19
11
9
0
17
7
22
7
13
20
13
7
9
11
2
20
4
19
2
17
20
15
15
21
14
22
11
23
9
12
19
21
12
12
11
13
13
9
15
22
17
10
14
18
20
2
12
2
12
0
4
16
10
21
7
5
5
24
8
14
7
17
9
13
10
14
7
6
18
12
7
21
16
14
16
12
19
6
5
16
11
6
9
4
4
21
20
16
11
19
1
22
2
6
19
24
1
20
18
2
2
11
1
7
7
15
5
20
12
6
6
4
4
15
7
12
18
8
19
12
7
7
13
22
9
5
2
23
23
0
23
10
5
4
20
20
9
24
20
13
15
21
7
11
4
6
1
13
22
24
16
12
1
3
8
21
9
10
16
5
7
16
16
12
0
2
5
23
11
11
21
15
11
11
15
15
0
2
22
11
13
1
9
4
22
12
1
10
24
7
8
2
9
6
2
20
5
12
23
24
16
23
20
3
15
7
24
21
24
17
1
2
23
1
3
0
7
10
2
7
13
19
8
0
23
23
22
1
7
11
22
17
3
7
12
8
10
24
21
19
9
12
3
5
7
10
11
23
4
11
14
20
8
12
21
10
20
10
13
2
13
14
8
17
12
13
17
20
22
12
0
21
17
8
4
8
8
16
12
9
20
4
16
23
1
3
9
21
1
21
18
6
10
12
8
22
15
5
24
11
3
1
8
10
7
4
15
12
11
24
17
1
10
11
22
13
16
6
2
10
1
10
7
22
6
4
6
2
15
2
22
1
12
10
14
6
4
24
1
12
21
13
12
15
15
17
2
21
9
3
7
10
23
17
4
1
1
22
3
0
5
0
5
12
7
16
22
8
2
24
12
7
1
15
10
24
13
5
5
5
22
22
13
4
9
17
18
21
13
21
9
12
3
0
15
24
21
17
4
22
20
4
16
20
16
15
11
4
18
4
12
1
6
3
13
5
11
20
4
8
15
24
17
22
24
22
9
23
18
14
22
15
22
24
16
14
7
8
14
15
20
15
4
2
5
11
18
17
1
6
16
10
0
17
6
21
3
16
16
14
21
17
1
6
6
5
1
1
22
20
12
4
22
13
23
20
16
8
19
22
1
13
20
8
2
13
4
4
6
14
20
3
13
7
11
3
11
9
21
5
7
1
24
21
15
17
1
7
18
12
11
7
5
10
15
23
21
7
5
3
12
7
23
4
3
9
5
16
0
0
23
22
15
4
18
19
5
5
16
2
10
7
22
14
1
24
9
23
12
23
17
19
12
3
15
7
10
17
12
23
19
13
21
23
18
17
11
23
23
16
24
11
7
6
22
3
5
22
24
8
23
15
17
19
8
23
7
22
21
5
14
22
2
1
12
5
2
10
7
19
18
6
9
22
18
5
10
12
16
2
12
7
17
21
12
5
18
21
8
5
11
8
24
14
16
18
14
6
11
24
0
18
2
14
24
22
24
8
18
12
14
13
24
6
23
24
7
24
19
10
22
22
11
3
3
12
21
5
18
17
15
5
12
23
6
3
6
21
22
16
9
3
7
11
11
1
24
2
2
1
9
4
12
10
19
0
1
14
11
5
9
5
5
9
0
9
11
13
5
6
17
17
13
4
10
10
3
16
18
21
0
7
15
1
8
0
4
8
6
1
9
18
13
24
5
21
4
6
20
16
7
8
0
11
17
18
11
5
4
19
18
20
12
8
20
15
12
19
4
19
4
21
19
0
1
16
5
23
3
12
24
7
3
16
2
13
14
2
8
13
4
3
2
21
7
21
1
19
17
24
18
7
14
23
8
3
22
9
6
3
16
15
11
20
3
3
14
16
3
21
10
1
11
12
1
2
5
23
0
16
23
18
18
24
7
4
24
19
0
13
20
9
22
18
23
8
14
7
1
6
4
10
20
21
5
9
11
16
9
22
1
22
20
22
2
14
9
8
14
2
1
0
2
13
0
23
21
21
14
18
6
12
16
12
16
0
2
21
13
2
15
0
8
18
17
23
15
22
1
9
0
22
14
13
8
17
11
24
13
20
24
20
6
8
22
3
0
6
1
13
8
20
5
1
9
1
9
15
23
20
15
22
17
7
13
9
17
20
2
20
24
24
13
18
6
2
11
18
17
9
4
20
19
20
22
9
24
22
0
9
14
0
21
24
22
6
23
7
8
10
24
24
15
7
11
16
2
2
16
11
12
6
5
14
8
17
20
22
0
2
2
5
13
14
5
2
20
13
14
17
10
1
22
17
18
9
4
6
9
14
3
24
18
17
24
21
2
0
7
22
21
1
22
23
17
12
0
10
13
1
11
23
19
5
18
16
8
21
3
11
0
22
19
4
19
2
4
21
13
12
6
6
20
2
22
8
3
9
0
12
7
8
24
6
13
13
13
13
14
4
5
9
9
22
21
12
5
16
9
10
4
4
8
23
0
16
23
22
24
12
0
16
6
0
19
10
4
1
5
11
18
19
2
14
11
19
8
3
23
14
10
9
2
24
0
15
8
2
0
15
24
7
2
9
3
1
11
0
21
19
10
0
6
4
0
13
16
19
13
19
14
20
19
10
19
9
23
19
15
13
20
3
2
19
16
8
12
22
23
22
17
20
9
23
10
16
16
9
8
13
3
13
9
21
15
3
6
12
21
15
7
2
4
2
13
6
24
1
22
20
18
18
15
5
12
24
12
23
14
21
2
12
0
22
23
20
13
11
9
5
11
22
4
3
2
16
23
17
1
11
14
18
15
4
10
12
18
22
6
6
12
15
19
12
24
10
12
16
0
20
14
21
9
8
9
1
18
13
14
18
12
3
6
6
16
16
22
5
10
22
12
14
1
15
11
23
1
24
13
0
21
10
17
17
24
16
15
2
18
24
8
7
23
12
4
16
6
4
9
22
11
1
0
6
19
24
18
14
18
0
7
21
3
22
23
6
18
19
19
14
23
1
11
13
8
4
13
13
13
17
10
2
12
6
17
17
12
19
7
10
19
12
18
14
2
20
13
3
11
7
15
6
0
11
18
21
21
0
0
14
3
6
21
17
16
6
24
10
10
10
17
0
18
7
22
11
9
4
0
2
4
5
22
24
21
6
1
1
22
23
15
6
24
24
1
20
4
24
11
7
7
2
11
17
13
21
7
5
21
3
8
2
20
19
12
15
18
23
21
3
4
3
17
10
14
15
7
6
13
0
17
6
1
13
6
11
11
4
13
18
24
4
21
0
21
17
1
4
21
21
6
22
12
19
9
8
9
4
16
0
21
17
15
18
7
21
17
16
5
17
8
7
4
7
21
6
4
19
17
5
9
19
4
2
8
16
3
20
6
20
22
11
10
21
14
1
10
24
21
15
6
0
21
20
1
15
21
18
7
10
2
14
10
22
18
19
18
4
12
21
20
24
16
23
8
9
6
12
19
0
12
12
11
6
22
13
18
1
19
7
22
12
15
1
8
16
22
19
23
17
8
2
2
23
3
20
23
17
11
20
8
23
8
13
0
2
20
19
24
15
0
24
9
23
24
23
13
9
12
15
10
24
24
2
10
9
15
7
19
14
6
5
23
18
15
11
14
21
11
1
23
9
13
23
21
18
0
24
0
17
7
10
0
0
0
4
15
8
15
4
9
7
10
2
21
11
20
3
15
22
6
12
12
8
22
7
11
23
15
8
19
11
14
8
18
24
23
8
8
6
0
2
23
21
1
15
15
20
18
17
0
6
20
6
24
23
18
15
14
12
0
11
23
23
14
3
1
11
7
12
23
17
15
19
13
16
11
23
16
22
24
9
24
14
13
14
17
6
4
3
18
9
8
2
11
24
18
20
13
3
2
20
0
16
22
18
8
7
6
6
20
0
4
7
6
3
14
16
4
9
23
17
8
5
9
20
23
20
12
22
8
8
7
19
2
19
20
0
3
12
22
17
20
6
3
24
7
9
4
5
9
16
6
14
3
22
15
14
19
20
2
15
10
5
16
16
10
5
9
17
8
18
5
14
20
13
13
6
3
9
22
22
3
21
9
0
8
11
11
19
9
13
23
12
20
20
21
3
3
11
20
14
21
12
8
2
10
18
14
12
1
24
14
5
2
22
24
10
16
9
20
5
24
6
18
3
23
22
19
15
21
14
13
14
11
7
20
20
0
8
6
2
21
16
3
15
18
8
9
4
22
24
18
15
6
10
14
9
13
9
3
22
5
11
23
24
10
19
1
0
5
24
9
1
6
0
18
19
10
22
6
20
11
5
16
8
15
14
11
10
15
13
6
6
15
20
21
1
7
20
0
18
12
15
10
1
8
14
10
6
8
3
9
1
13
10
11
0
8
10
18
15
16
3
7
12
19
14
21
22
24
9
23
11
6
14
0
11
16
9
16
8
23
15
19
12
0
18
1
1
11
5
8
1
6
4
7
15
18
19
0
15
24
3
16
19
23
5
9
23
4
8
10
2
2
4
5
3
7
12
7
21
7
9
17
18
16
9
3
8
20
4
2
18
0
16
21
11
17
11
1
22
20
15
6
18
11
9
15
12
9
19
18
9
22
7
10
23
0
8
0
5
8
16
13
16
24
15
22
19
21
0
6
20
23
1
23
4
23
11
0
23
15
13
2
6
0
14
17
17
11
19
20
20
21
11
0
17
17
12
13
23
3
6
19
24
8
9
23
23
8
5
20
1
2
18
18
19
0
3
10
13
16
2
6
1
17
3
6
3
14
10
3
23
17
6
20
6
5
2
15
2
18
12
21
10
19
21
10
10
13
2
8
18
14
0
11
2
7
2
1
16
22
0
1
15
17
19
19
13
20
22
5
20
10
12
6
14
15
10
8
8
16
10
9
11
12
18
0
6
12
1
8
20
21
1
9
19
1
1
1
23
21
12
12
22
15
17
4
10
23
4
7
12
8
3
9
8
7
2
20
4
10
8
19
2
10
19
16
23
6
8
17
17
10
7
9
11
5
0
1
13
6
1
10
16
19
18
2
10
21
1
10
6
24
16
13
21
20
19
4
24
19
21
17
20
2
14
20
3
22
19
19
24
4
23
18
17
12
15
8
2
22
15
20
14
13
19
6
22
2
3
6
2
11
5
23
14
12
23
4
14
6
16
10
8
13
24
8
14
8
2
5
9
23
17
1
14
22
24
5
23
19
19
0
6
6
17
2
18
18
24
13
17
11
3
4
23
22
21
14
22
21
9
4
14
15
10
12
11
8
9
21
12
1
22
4
16
2
1
3
9
6
0
12
21
24
18
6
7
4
21
13
7
18
1
12
2
4
17
22
16
1
11
15
0
4
23
5
10
8
15
17
16
4
10
0
16
17
7
12
24
18
6
24
18
0
16
22
9
2
22
8
11
20
5
20
10
20
12
20
18
0
7
0
4
13
20
22
13
2
9
18
11
9
4
3
5
19
11
15
8
7
20
19
24
0
2
23
9
0
22
11
1
17
5
22
6
20
21
20
4
21
5
22
12
22
9
5
13
18
14
8
21
5
5
5
12
14
15
0
13
8
12
7
19
11
11
23
21
3
3
10
13
15
20
0
13
20
16
16
16
21
12
22
15
11
24
1
18
15
24
15
9
22
17
9
18
23
23
9
2
24
2
1
15
1
24
13
13
5
0
4
0
24
10
15
4
12
2
19
20
22
20
13
19
8
23
1
12
2
18
13
0
24
18
4
4
2
1
24
22
0
15
14
2
3
9
18
4
13
14
11
23
23
16
6
11
5
1
10
13
16
12
3
9
4
24
11
3
13
19
21
17
8
16
3
12
23
4
24
2
2
20
7
20
0
2
7
2
10
22
13
18
8
6
11
23
5
18
24
8
18
2
17
8
8
12
3
21
21
17
14
20
3
0
12
2
14
15
2
2
5
23
7
6
19
7
23
21
6
24
17
20
19
16
13
0
22
3
11
12
10
18
9
23
3
24
6
0
1
10
21
8
2
15
23
12
7
12
23
9
10
1
0
0
14
7
7
1
3
0
21
24
3
17
8
22
20
2
7
9
16
15
20
14
8
15
18
7
11
20
22
19
11
12
3
12
14
20
24
21
15
21
1
23
21
16
2
14
16
15
1
21
11
16
21
6
4
7
18
15
1
21
12
14
16
17
15
14
14
24
11
14
2
21
8
7
11
20
2
3
4
6
2
8
1
1
1
23
4
14
3
7
11
1
7
20
20
7
13
17
11
23
2
21
13
5
6
18
14
2
12
2
23
20
14
18
24
4
21
7
16
1
10
24
22
19
14
1
19
7
15
11
21
16
3
17
4
21
18
6
18
0
20
15
5
7
2
22
17
13
5
24
18
10
6
11
8
23
6
23
1
23
17
11
11
18
20
20
2
5
8
0
19
16
13
1
13
0
22
21
19
3
24
11
3
18
2
3
7
11
7
16
12
10
9
1
21
11
6
3
21
15
15
18
8
5
24
17
3
9
24
6
10
3
22
1
16
15
18
24
6
15
5
7
20
4
2
10
14
4
22
14
9
14
4
19
20
12
14
24
14
10
23
2
20
20
10
10
17
0
5
9
2
24
23
10
13
1
5
20
10
17
5
21
7
17
10
2
10
19
4
18
22
21
14
17
9
19
22
0
4
19
22
11
16
1
18
3
23
7
13
11
21
3
11
0
4
8
24
23
10
22
23
16
19
10
3
23
18
5
5
5
9
0
3
15
21
23
17
7
19
24
1
24
24
1
20
16
12
3
5
2
24
18
23
6
1
8
13
15
3
20
11
4
11
2
9
8
22
8
2
19
12
15
20
21
11
14
17
21
5
4
23
5
17
15
15
20
15
0
1
9
5
8
23
7
0
15
20
5
18
18
8
8
12
3
5
12
19
2
14
2
9
22
10
14
0
8
2
18
3
5
1
11
19
5
7
0
18
18
18
4
20
24
24
10
23
20
9
0
22
0
13
14
6
22
19
23
8
5
21
1
15
5
3
23
1
14
5
9
16
20
15
1
23
23
22
11
10
1
23
0
23
18
17
15
3
5
9
15
19
10
18
9
16
5
11
10
1
4
24
10
7
5
2
8
15
13
1
3
