197637
49326
49274
49259
49778
12242
12445
12141
12498
12177
12067
12760
12270
12228
12200
12530
12301
12275
12692
12489
12322
2890
3133
3195
3024
3180
3142
2941
3182
3003
3209
3004
2925
3364
3103
2978
3053
3046
3045
3069
3017
2856
3066
3091
3054
3160
3177
3159
3264
3106
2914
3273
2977
3051
3087
3056
3034
3047
3191
2923
3039
3254
3301
2977
2998
3272
3061
2965
3003
2949
3216
3120
2990
3207
2882
3216
3387
3077
3161
3095
3156
2903
3135
3089
3195
816
621
756
697
861
737
710
825
809
763
825
798
692
771
793
768
797
739
858
786
835
738
688
881
809
699
722
711
821
795
843
723
731
769
760
743
843
808
717
841
774
756
719
755
688
775
664
798
846
796
772
950
800
739
873
691
713
789
686
790
708
779
836
730
723
810
690
823
728
815
740
762
773
775
808
713
693
883
710
731
795
699
674
688
732
748
760
826
787
754
788
762
820
813
706
715
812
856
832
660
716
752
966
743
794
719
844
802
877
729
858
800
695
840
760
811
700
725
717
772
878
756
855
784
722
758
832
665
775
712
797
767
791
842
714
740
812
816
738
690
791
755
757
731
787
762
747
751
782
875
790
744
752
739
739
693
761
710
761
807
784
855
806
809
807
836
828
830
816
714
687
760
730
704
748
816
818
749
828
877
711
784
727
839
681
791
707
786
773
712
812
706
707
688
816
738
847
657
787
925
775
804
771
770
716
843
734
697
863
784
748
812
692
700
734
756
880
769
728
839
839
808
907
833
820
755
713
789
794
723
793
851
804
726
786
779
790
771
772
823
672
752
755
724
872
683
785
795
893
732
710
754
940
798
784
673
199
148
218
251
144
218
104
155
169
196
205
186
186
191
164
156
197
167
270
227
159
154
202
222
195
156
188
171
262
182
215
166
185
208
214
202
213
224
164
162
196
211
211
207
207
191
184
216
195
202
151
144
181
185
203
202
235
214
153
191
152
211
210
195
199
222
202
174
173
208
148
210
187
290
256
125
205
205
161
215
223
181
231
200
200
162
181
195
175
131
198
184
187
250
222
222
218
221
164
206
159
155
195
190
185
176
198
163
166
211
146
188
226
184
204
207
174
197
205
219
188
233
221
201
173
171
198
181
185
151
220
175
176
207
217
169
196
175
185
204
171
201
186
185
199
229
228
187
182
202
214
210
216
190
158
153
197
179
245
220
272
158
134
210
163
190
184
219
184
181
221
133
180
186
170
219
165
166
156
201
191
188
223
173
184
163
155
162
194
189
205
210
230
202
170
244
200
181
234
181
196
197
183
196
200
253
237
260
202
222
242
134
205
145
175
214
191
191
272
219
196
184
170
141
143
172
217
181
173
184
184
248
202
171
175
138
170
262
178
180
195
174
158
181
207
205
231
136
253
208
177
198
211
180
181
158
121
202
173
227
188
235
195
192
154
205
176
155
193
154
260
216
174
193
183
178
211
162
263
179
194
178
157
211
195
214
175
178
206
185
165
217
186
224
162
203
174
197
207
230
186
165
170
192
205
201
150
137
246
223
178
236
160
209
160
181
192
172
172
195
216
198
151
230
193
182
176
148
154
170
207
143
175
180
179
154
187
156
234
155
195
180
171
202
152
220
191
197
203
213
206
204
201
190
177
219
199
158
199
198
188
202
171
227
224
211
170
157
169
175
237
239
203
211
207
192
184
190
151
181
188
183
172
172
159
210
225
218
210
179
245
222
205
215
200
212
164
173
165
158
243
159
163
151
212
188
199
153
258
240
217
251
187
161
207
188
232
211
194
157
157
191
134
237
248
211
205
180
179
254
174
195
237
210
211
219
171
215
191
152
192
198
218
250
199
187
208
206
195
164
145
191
182
220
228
210
209
184
156
211
181
207
187
236
138
203
163
196
182
165
196
182
156
212
159
190
162
246
181
183
165
246
219
248
190
161
241
164
245
143
259
208
200
208
176
200
149
185
174
214
207
188
153
210
206
233
189
204
191
105
223
146
224
153
180
218
238
198
139
137
191
209
191
206
200
186
200
181
217
157
185
232
172
206
231
233
129
157
186
242
162
150
221
207
206
238
171
197
184
192
214
226
177
148
231
182
211
130
150
199
206
195
189
201
198
198
192
167
176
185
180
216
191
211
167
162
188
202
175
222
168
162
209
223
196
173
204
174
192
173
194
192
222
220
180
160
235
230
202
208
239
196
150
205
154
182
226
182
218
141
197
196
197
214
133
195
194
174
192
179
230
132
170
161
212
156
188
205
198
117
175
220
196
235
169
161
217
176
232
182
217
181
184
202
249
210
181
215
195
156
194
261
182
241
169
217
186
209
190
222
165
216
207
248
213
201
219
195
211
203
209
207
204
220
172
220
189
165
189
171
166
166
213
142
207
218
180
155
202
201
138
189
200
166
152
186
166
226
173
183
196
224
223
173
201
235
202
180
177
187
203
182
232
204
208
184
214
192
222
249
175
182
186
168
238
203
213
130
149
198
216
164
204
227
182
226
157
151
185
188
170
194
205
222
219
147
174
167
214
156
204
212
206
198
211
158
177
169
198
168
183
223
219
187
194
172
182
158
165
167
199
176
171
170
194
153
212
165
217
222
235
169
148
186
212
198
217
220
167
121
198
171
188
231
162
206
227
202
282
214
174
234
167
200
199
202
183
220
194
186
162
229
193
122
212
243
193
211
157
155
205
221
206
211
188
137
174
235
187
147
180
183
232
218
222
191
159
225
229
171
201
210
190
147
147
196
242
227
218
188
157
129
181
136
210
173
208
222
156
148
157
222
187
190
231
181
239
229
208
182
185
194
189
185
178
176
223
209
203
204
209
200
222
208
249
199
202
158
237
230
215
225
196
221
219
197
221
215
192
192
159
206
184
206
199
160
179
175
214
173
210
192
190
194
177
233
174
148
218
183
177
190
222
204
214
218
213
206
223
175
191
215
193
158
167
208
178
236
196
176
197
193
225
164
180
177
249
184
188
168
201
214
174
176
210
212
171
209
216
227
231
154
84
203
141
201
221
189
201
140
203
211
138
213
191
182
201
216
244
211
171
202
142
168
219
162
177
227
196
231
212
156
245
181
230
237
221
176
199
136
185
165
182
178
166
195
199
194
278
194
240
228
190
183
256
169
167
224
208
185
202
168
142
161
57
23
40
79
32
33
38
45
54
44
56
64
53
50
85
63
26
24
44
50
63
50
39
66
16
24
32
32
46
32
46
31
77
43
27
22
52
36
47
61
72
56
32
45
74
38
33
41
63
17
54
52
61
31
42
57
35
31
53
45
16
61
16
63
40
57
45
55
43
66
21
37
70
47
73
80
66
59
55
47
74
56
21
8
50
15
46
43
59
54
48
41
49
58
56
59
50
62
37
46
41
46
27
42
47
38
72
31
65
33
42
31
62
62
60
78
25
52
47
58
47
24
70
74
22
34
46
64
55
55
19
56
18
81
64
45
44
46
64
60
63
39
45
55
42
29
62
80
29
78
49
68
47
38
41
38
66
32
31
33
65
47
57
27
71
54
46
40
43
53
61
54
78
35
50
44
46
40
66
55
59
30
69
33
48
43
32
61
64
53
39
60
37
48
59
51
50
36
69
47
18
63
45
25
12
38
52
42
52
55
32
42
71
28
37
49
62
53
41
47
32
55
59
56
67
62
37
69
58
51
64
41
36
29
47
41
39
48
57
47
49
23
42
38
45
54
63
49
59
76
30
45
59
54
41
41
64
37
23
75
80
32
48
62
52
40
46
64
44
45
58
27
48
39
29
57
68
68
18
54
30
40
44
34
67
46
42
55
36
65
48
38
79
70
75
66
65
61
69
61
12
43
32
38
69
43
45
48
54
37
61
53
33
43
43
42
56
61
58
40
75
58
62
28
23
58
30
70
67
50
63
51
54
62
40
44
33
45
69
53
46
64
33
19
65
29
37
50
56
59
19
61
44
22
69
40
32
30
14
55
63
35
52
48
19
57
54
54
45
48
49
45
68
78
64
40
64
58
60
40
77
61
64
20
46
86
39
47
29
67
84
41
51
61
28
24
52
58
33
63
54
27
32
46
49
22
18
66
42
41
69
43
28
66
66
30
51
46
19
69
46
39
56
35
43
70
38
47
30
36
44
53
26
50
38
52
39
42
66
64
40
50
40
16
50
58
39
41
47
67
54
58
64
22
37
61
25
76
41
62
34
37
65
71
68
30
36
40
54
64
44
35
52
58
53
42
68
50
54
47
58
58
59
13
47
74
63
49
42
58
78
43
48
43
59
51
52
51
38
32
31
52
19
69
57
53
56
32
51
41
39
50
57
25
74
29
59
31
36
25
33
64
86
37
38
43
27
67
46
38
36
56
63
47
47
50
53
76
44
44
30
60
37
42
51
45
62
38
44
43
40
48
54
19
46
66
69
32
49
54
54
41
14
62
43
51
41
66
53
53
38
42
38
42
49
56
46
57
56
40
77
64
17
71
52
60
65
51
39
62
45
41
51
23
57
51
29
44
51
78
63
34
32
85
34
57
36
83
59
54
40
63
61
52
48
29
40
48
23
47
51
43
23
36
75
49
43
30
20
44
63
52
55
64
63
63
59
55
73
33
76
70
68
58
28
53
26
51
26
35
44
29
57
65
43
45
59
48
30
26
51
44
48
47
42
57
21
64
58
70
39
52
49
31
70
34
41
41
23
76
51
45
78
47
41
29
33
30
49
43
44
44
64
50
60
12
53
46
43
28
54
65
54
46
44
34
43
44
61
23
52
30
57
49
24
26
40
40
51
70
59
33
34
65
46
47
40
55
60
33
61
69
49
38
43
43
49
75
40
20
35
37
57
34
23
32
50
50
25
35
43
59
44
32
47
71
47
53
39
50
51
43
55
56
49
67
46
48
65
39
81
45
33
58
71
40
45
28
50
47
62
63
44
75
29
73
54
44
62
19
44
56
54
69
57
54
40
39
60
42
32
57
58
49
35
63
58
41
60
40
39
44
52
46
36
62
49
35
49
67
48
50
76
79
44
69
66
58
62
73
70
55
62
81
39
20
44
61
48
69
24
63
80
75
52
24
28
30
38
43
70
54
38
13
44
50
54
29
57
35
56
44
44
70
56
32
65
38
47
46
50
48
80
63
59
70
65
58
52
44
38
66
57
35
45
53
60
26
38
48
53
31
48
35
35
23
52
50
22
19
34
45
37
56
42
54
82
39
57
26
56
42
40
38
47
48
32
49
56
47
45
72
25
42
60
60
58
70
64
22
69
47
20
65
43
43
36
39
35
65
15
32
47
44
49
20
47
54
71
60
43
88
33
42
64
39
25
42
65
48
43
26
66
60
53
42
35
44
37
44
45
32
38
39
43
61
61
38
40
68
61
57
43
44
82
43
62
44
53
59
11
13
76
62
68
47
36
50
65
57
50
41
37
49
46
42
69
41
60
64
58
29
29
64
41
46
62
30
31
58
29
48
45
36
25
49
27
20
46
43
71
42
35
43
64
31
44
44
66
73
55
38
46
49
57
61
56
61
59
53
32
51
49
27
70
46
37
25
21
71
68
55
52
30
56
34
48
38
39
30
54
32
63
24
60
46
56
40
37
21
51
80
49
80
57
47
52
60
57
51
23
43
66
55
43
29
53
67
31
32
41
64
42
31
51
76
48
36
42
47
27
46
82
51
66
64
55
38
44
42
40
27
55
72
56
41
38
43
26
43
59
29
39
72
25
75
66
43
27
59
35
59
74
46
39
47
57
32
45
43
53
37
36
53
36
81
59
48
38
40
46
53
21
45
54
58
54
51
34
48
42
62
54
63
62
45
22
48
54
38
38
56
55
54
37
43
32
62
50
65
35
47
48
61
81
17
57
61
45
67
37
52
60
37
52
52
36
25
53
51
30
36
44
59
51
38
49
62
35
59
33
35
53
80
34
50
26
40
27
27
46
37
81
67
44
54
63
48
50
62
42
48
33
55
57
60
63
56
48
40
30
42
67
40
54
48
47
44
40
29
42
55
41
43
60
45
53
34
46
37
46
43
38
51
32
51
46
53
66
30
47
55
55
59
62
39
57
40
49
43
29
30
39
82
52
57
36
61
48
48
38
55
46
43
36
67
21
52
34
42
47
25
29
50
43
32
36
50
40
44
39
38
71
59
31
48
31
33
34
56
38
47
34
51
42
53
23
46
65
45
52
29
29
44
41
66
46
34
33
24
47
52
63
62
44
65
11
52
48
44
51
44
51
49
31
27
49
73
23
34
54
60
56
55
69
22
26
40
24
62
52
65
28
75
53
48
25
65
51
51
47
48
45
59
66
33
51
68
48
46
52
49
49
56
56
45
60
43
61
50
47
43
70
41
44
35
62
45
10
60
53
54
43
69
47
49
55
48
30
44
33
51
50
45
59
45
44
24
57
73
49
44
44
51
72
45
42
43
58
24
45
44
70
60
54
43
47
65
44
68
24
51
56
80
37
57
40
36
40
30
22
65
51
44
35
39
41
33
53
48
74
74
46
43
61
44
65
69
57
70
53
23
71
49
28
63
60
58
47
42
41
56
32
63
48
61
40
35
68
38
45
39
35
28
33
55
65
40
40
36
52
50
49
37
39
27
70
47
25
42
58
47
52
50
42
28
15
31
49
64
48
28
69
65
35
66
66
58
50
65
33
70
54
62
50
44
22
55
41
61
59
45
72
69
76
48
46
52
62
53
55
35
29
79
39
68
30
61
60
49
57
44
52
59
43
30
45
46
47
37
33
56
54
28
39
44
24
62
27
45
49
51
71
72
34
49
53
23
50
32
47
34
43
28
46
34
48
23
70
71
68
58
24
38
42
42
76
39
37
14
50
52
69
68
83
38
50
49
67
74
56
64
31
66
80
61
50
60
36
60
35
56
41
61
52
7
75
36
54
42
56
33
61
38
63
64
46
59
58
53
51
49
60
40
48
46
32
32
53
40
39
42
23
53
56
20
67
48
43
25
15
51
32
82
49
74
60
48
69
71
50
37
58
66
61
39
49
56
55
45
36
44
63
55
38
23
77
67
50
60
54
49
44
27
40
49
59
47
31
69
56
81
41
62
51
56
50
55
54
52
45
60
59
55
21
69
32
49
48
67
44
56
34
34
82
41
34
38
45
35
64
71
32
25
31
46
56
65
58
53
67
40
69
42
74
65
47
52
57
43
22
65
34
66
71
37
36
64
50
55
50
51
38
48
48
61
43
39
30
52
38
50
31
26
53
40
38
60
43
41
62
36
74
65
29
52
50
49
63
66
48
65
51
46
50
57
26
76
59
47
44
34
52
19
39
46
47
60
70
34
50
44
42
45
37
51
55
64
44
35
43
65
52
63
58
63
14
53
35
36
38
36
78
51
33
38
60
32
61
37
49
49
50
37
64
31
47
44
49
25
43
85
29
39
52
56
43
31
30
34
44
48
68
48
47
49
32
52
54
21
54
44
39
53
43
42
24
53
67
64
53
62
56
47
47
31
28
50
63
42
47
21
43
54
65
40
76
65
63
49
62
45
67
31
67
83
73
52
32
33
44
22
52
43
54
50
71
66
31
44
62
27
52
53
70
70
26
44
50
23
81
65
41
72
43
33
67
65
45
48
77
30
75
52
57
24
52
59
44
21
47
31
65
57
21
34
35
59
51
56
17
61
37
27
49
61
55
64
58
37
59
39
46
63
62
30
45
51
59
39
35
20
36
49
62
63
50
20
73
63
45
73
55
60
42
58
65
24
32
51
73
48
54
23
41
73
12
30
29
34
47
48
63
65
42
34
28
42
52
57
65
50
39
27
57
30
32
50
44
54
53
46
74
45
66
71
48
53
59
66
55
18
29
40
40
30
35
34
42
26
51
60
40
40
72
59
25
53
75
43
59
14
52
37
41
76
66
46
41
47
42
54
54
36
37
59
79
25
62
27
50
42
47
71
51
48
33
37
19
68
39
65
34
47
46
68
59
59
43
56
24
49
31
66
42
67
44
48
65
74
55
47
79
52
46
39
22
22
45
16
39
57
29
47
68
42
75
69
47
51
32
33
68
29
44
36
24
46
40
69
54
58
20
65
72
50
78
45
51
32
54
55
64
65
40
58
26
47
63
47
41
46
30
71
47
36
36
53
34
69
51
53
51
59
67
30
75
54
38
56
57
26
41
46
15
46
65
39
50
77
59
41
31
51
51
66
54
40
62
13
24
31
29
25
36
60
39
72
50
38
58
40
59
49
61
42
43
49
54
51
56
28
46
52
43
60
53
52
54
39
28
68
73
29
60
57
34
41
53
57
39
18
45
30
47
54
51
44
36
54
58
22
55
45
56
59
66
35
57
64
38
32
50
54
51
56
50
38
43
36
34
56
26
46
38
54
37
59
52
47
43
60
37
56
56
26
52
50
49
71
29
50
44
45
19
37
62
44
70
51
58
30
60
48
49
66
24
40
61
71
30
67
47
29
48
45
45
66
26
69
24
55
22
60
57
53
31
43
45
54
58
54
23
59
36
42
59
55
54
51
56
61
61
59
43
57
38
53
48
41
49
42
33
36
86
58
60
31
61
53
71
45
44
42
57
59
74
58
42
34
73
54
53
59
22
57
59
58
43
36
22
49
46
54
56
49
34
54
32
34
38
55
53
36
24
86
74
42
38
43
44
57
62
56
57
43
68
5
35
33
43
53
63
38
48
20
55
73
46
55
55
41
49
20
85
60
35
22
33
43
69
32
47
47
51
34
70
39
34
50
44
46
33
47
50
62
35
63
58
23
69
32
50
79
25
27
44
36
55
34
24
57
44
13
67
37
54
60
17
81
60
25
24
47
51
64
51
22
71
65
21
48
41
58
46
53
36
35
23
23
57
24
76
18
62
54
32
72
31
25
70
70
65
70
44
56
51
39
35
44
45
35
39
42
42
46
59
70
50
37
44
45
52
66
45
69
53
38
54
37
58
43
75
41
45
53
33
50
51
29
45
59
54
46
43
59
67
78
65
39
43
57
47
63
44
48
36
53
52
50
55
58
79
16
51
49
50
28
58
20
43
62
45
44
73
48
73
67
58
34
27
63
67
52
48
74
50
35
49
35
50
54
68
45
50
46
12
78
61
55
43
50
51
58
25
56
51
48
52
71
13
63
61
28
55
58
58
45
38
54
57
58
61
78
60
49
46
54
50
63
40
51
52
58
46
81
41
51
48
39
43
65
58
79
53
21
42
50
39
72
54
57
56
42
83
53
35
36
35
55
51
63
72
42
30
76
64
45
28
35
49
68
43
60
54
21
65
49
46
27
45
47
72
68
17
32
41
17
58
55
49
33
20
64
48
32
33
53
32
75
64
42
45
16
31
50
55
46
57
49
32
50
62
74
52
21
57
50
41
43
50
21
39
42
69
52
42
61
55
43
22
28
58
30
31
43
47
68
28
56
57
59
26
63
36
41
21
52
38
41
41
32
47
66
43
55
26
42
54
75
72
25
68
40
31
34
76
21
45
41
40
69
46
41
53
38
52
81
76
42
51
54
77
22
42
32
48
41
43
69
60
74
45
56
73
55
33
41
37
26
62
55
67
29
46
35
47
58
25
57
72
40
55
36
67
53
40
22
50
61
71
50
73
46
49
36
56
30
62
60
18
64
44
58
27
69
62
56
66
34
59
33
66
35
58
63
57
77
57
58
14
52
34
75
78
32
41
31
25
43
63
55
27
53
50
38
60
46
63
69
52
39
67
45
73
44
63
33
45
25
16
44
50
38
26
35
40
30
63
65
60
42
75
39
55
42
45
22
41
57
68
38
45
75
48
59
56
48
53
25
36
59
78
53
55
41
41
20
30
48
20
53
28
43
65
49
45
33
59
51
40
47
46
37
69
52
33
40
41
50
50
64
61
52
39
70
69
52
72
26
23
25
26
73
39
36
46
53
20
40
53
54
43
56
62
53
47
63
19
27
44
46
59
55
84
32
55
41
74
34
55
43
46
54
54
44
43
49
52
67
55
31
54
18
53
41
51
32
64
30
34
41
52
51
46
49
43
33
40
52
42
42
55
44
56
39
63
65
35
63
67
54
30
59
43
55
39
56
54
45
51
35
41
45
41
56
33
52
34
49
22
53
39
49
54
23
16
41
48
62
48
44
47
60
29
55
64
28
59
48
26
38
48
42
43
37
53
61
36
44
56
30
37
30
20
53
62
77
39
26
65
35
33
60
71
53
67
62
46
47
68
60
50
57
46
46
44
33
47
45
21
35
60
56
33
37
60
68
31
53
47
67
26
58
59
44
64
50
81
27
55
57
34
54
28
51
42
25
20
34
47
48
52
51
54
41
40
36
20
52
42
74
62
48
59
62
32
54
51
25
49
55
64
38
39
60
62
66
62
38
49
53
73
67
87
55
48
56
53
57
31
59
44
40
60
54
48
72
30
62
54
21
42
57
59
42
62
54
54
29
58
53
46
45
59
32
37
55
56
54
47
63
44
40
61
49
46
57
39
44
44
38
67
13
87
53
36
53
46
34
48
65
38
44
12
28
51
46
56
59
49
46
61
87
68
35
37
53
60
59
63
29
32
46
34
45
22
44
47
42
48
65
42
50
41
66
84
30
45
34
72
55
47
51
67
46
35
58
68
27
39
21
37
40
43
43
44
44
59
40
62
74
46
56
52
33
34
32
34
47
47
64
40
29
53
39
49
42
67
66
45
54
49
59
61
49
46
57
61
58
34
29
53
75
31
37
18
73
36
66
65
58
57
73
55
44
46
45
52
28
51
37
58
55
40
73
49
48
48
36
69
37
47
34
34
32
40
33
30
44
71
40
49
36
66
69
44
63
63
56
53
55
44
66
44
64
62
42
46
38
47
23
52
35
45
36
26
22
45
12
71
53
42
19
35
40
57
54
48
51
40
44
40
49
39
71
38
60
71
57
36
58
10
29
66
51
31
47
34
36
64
12
53
28
33
66
60
63
55
50
61
21
73
36
40
41
75
37
45
74
50
36
57
38
44
60
68
67
63
59
52
55
30
67
56
55
54
33
49
46
48
73
47
17
31
43
63
57
59
44
48
38
39
57
43
46
48
43
30
57
25
50
31
70
69
56
60
38
45
47
57
60
46
57
46
54
65
56
51
32
56
43
51
59
30
55
53
62
63
48
55
56
38
27
83
60
72
50
65
62
51
50
56
42
48
60
44
50
30
50
35
43
58
79
53
47
67
47
63
53
69
42
62
42
38
82
58
47
47
42
49
58
44
61
71
45
66
56
47
50
35
56
55
51
67
65
54
35
52
57
53
53
42
55
49
46
29
62
62
39
17
44
58
40
52
57
42
55
33
39
64
48
67
41
39
59
26
37
74
62
40
40
21
59
46
47
58
28
62
45
39
29
76
33
62
43
32
49
67
25
23
50
72
65
43
46
46
57
51
47
57
35
38
61
42
53
38
66
28
45
67
71
42
53
52
42
54
26
19
27
55
47
50
47
51
70
35
50
48
50
42
19
72
44
34
88
34
34
38
54
75
55
55
56
59
34
49
62
49
54
51
64
53
50
45
59
47
62
40
65
48
53
70
46
57
50
19
75
43
38
64
75
31
21
39
52
66
58
54
35
38
66
48
20
38
52
34
59
34
40
38
57
43
70
46
64
26
42
39
55
81
61
47
38
58
53
63
43
21
49
49
44
54
50
57
54
51
31
76
65
32
52
36
49
31
48
48
57
37
38
67
23
42
45
80
46
61
62
26
45
69
44
61
45
36
46
52
39
42
35
55
64
34
48
47
25
76
66
45
28
49
52
31
49
58
38
58
68
47
37
51
53
38
70
25
38
61
47
43
75
47
44
42
65
56
53
62
46
48
71
46
71
66
48
66
40
17
31
30
25
14
15
44
47
70
42
26
13
59
43
59
48
36
58
75
41
35
70
49
35
58
47
55
52
46
48
30
35
24
51
50
53
37
63
40
66
42
63
35
39
35
29
68
74
40
31
36
45
59
51
31
66
71
14
67
57
37
40
65
52
60
39
51
56
68
69
53
51
59
48
67
44
13
47
35
53
50
64
23
61
36
22
38
28
66
36
64
43
62
50
41
48
49
24
41
37
47
52
48
54
72
53
54
34
40
68
56
63
44
68
20
54
71
67
51
11
34
60
51
83
44
67
56
27
47
51
65
42
71
52
47
59
85
46
68
28
63
62
56
46
32
42
35
52
48
64
29
40
44
23
43
48
53
41
60
34
21
50
62
56
27
37
27
55
37
59
23
46
47
50
41
44
35
75
37
56
39
67
40
46
57
51
79
77
56
66
14
91
50
39
60
70
32
78
40
66
60
62
47
49
39
55
68
35
38
42
66
59
70
61
51
41
44
33
55
28
41
43
73
54
43
54
56
62
22
68
45
19
60
61
41
65
47
49
25
54
57
32
48
28
40
26
34
48
32
47
7
12
24
14
5
0
7
11
6
18
14
2
21
15
23
20
8
9
6
9
7
5
13
8
12
6
15
5
13
21
4
7
23
9
4
18
15
12
12
5
2
23
22
9
19
21
17
7
7
14
19
13
15
11
18
6
22
20
21
22
4
21
20
18
10
7
8
1
1
13
5
5
16
20
5
3
16
12
17
5
17
20
9
17
11
18
20
1
6
14
17
2
23
20
16
7
7
0
1
8
6
2
5
11
5
1
5
21
2
20
6
4
2
14
16
14
3
15
2
12
17
2
9
18
4
13
0
14
22
14
19
22
21
6
10
6
7
14
6
0
3
11
7
1
23
21
6
2
15
7
1
13
5
18
20
4
21
12
20
8
14
19
19
20
16
16
14
10
22
2
8
0
9
8
21
7
16
22
16
20
9
18
11
0
13
3
11
6
5
8
11
17
11
18
22
12
2
4
5
6
19
3
10
22
2
18
18
14
23
15
4
19
15
3
0
13
6
14
22
0
15
14
4
24
4
18
0
13
2
6
13
10
9
9
22
13
3
16
14
12
4
1
7
4
13
13
22
13
1
1
6
8
23
14
14
12
1
12
6
21
5
21
24
7
13
19
9
4
13
11
17
14
7
4
9
23
5
22
22
17
7
2
10
2
1
22
14
0
14
12
21
23
17
6
19
5
21
15
17
20
20
16
24
20
17
20
9
20
6
24
16
13
21
9
18
7
8
14
5
20
22
14
23
15
2
20
19
15
0
5
6
10
3
2
2
1
12
1
23
14
4
3
0
8
4
23
0
19
23
0
3
17
20
20
3
16
5
20
14
15
13
5
11
19
0
4
17
20
5
14
21
9
18
14
22
4
16
10
11
19
18
23
2
16
20
20
9
1
23
1
22
16
19
2
12
4
4
18
15
9
4
15
9
13
14
16
6
10
1
18
5
3
0
14
18
10
12
21
8
6
15
3
6
14
23
18
10
21
14
14
2
1
21
20
9
15
2
19
9
3
11
18
1
12
1
4
17
9
5
17
19
21
14
10
17
21
17
11
8
24
21
18
16
23
0
13
4
8
19
24
2
7
7
14
3
23
4
17
19
18
23
13
5
6
23
0
0
1
21
5
23
21
20
22
23
9
2
10
0
10
8
12
0
14
16
14
4
12
23
21
16
4
9
22
0
24
14
24
2
15
4
0
11
4
8
22
19
7
3
1
14
0
17
18
23
23
21
8
23
12
15
8
16
6
9
4
9
22
12
2
12
20
18
16
8
22
13
14
22
11
18
3
22
20
14
9
15
1
6
2
20
17
22
5
17
11
13
8
1
20
8
10
8
3
5
15
20
22
24
24
9
23
6
13
6
4
23
23
21
11
9
5
18
17
22
19
16
11
2
16
23
6
3
12
10
13
17
8
8
8
10
15
13
0
7
24
19
16
5
6
13
8
1
0
6
24
11
12
1
9
1
24
21
19
10
12
14
11
14
16
5
22
12
3
8
4
15
18
20
18
24
14
9
7
6
23
0
17
8
2
13
17
15
0
4
24
9
24
6
14
17
9
20
15
23
3
15
13
23
16
22
17
0
15
8
12
17
20
12
1
8
6
6
24
16
0
21
9
12
10
13
5
23
11
19
13
24
6
20
5
9
10
16
24
6
0
24
0
23
9
14
23
23
7
0
3
20
17
8
3
10
13
0
20
17
0
12
3
17
15
23
6
20
24
9
11
9
23
7
14
20
6
1
12
17
0
20
23
11
7
15
4
17
7
8
16
2
20
23
14
5
9
18
19
18
12
11
9
8
4
18
6
23
21
20
5
15
1
17
14
3
1
3
11
10
16
17
20
23
0
14
8
11
12
1
1
3
4
3
2
9
3
8
18
10
19
15
8
0
9
18
15
4
19
14
15
14
9
20
12
4
3
20
5
19
1
14
8
22
16
21
12
4
6
5
13
1
12
19
5
9
22
11
7
16
18
9
19
19
22
0
12
20
4
8
9
10
10
18
9
6
10
8
8
2
21
10
22
17
22
14
6
15
15
6
20
8
22
17
20
10
19
12
21
14
1
0
22
6
23
22
18
12
16
6
24
3
21
20
7
15
18
11
20
13
16
8
4
7
2
18
9
24
3
2
0
8
13
21
5
4
19
18
0
24
3
3
9
13
2
10
23
12
14
20
11
12
0
14
21
7
23
1
18
9
12
2
0
8
21
7
6
5
24
1
8
13
17
7
8
5
14
17
18
11
17
19
16
16
24
0
9
23
13
10
13
24
24
5
23
2
1
16
11
4
24
12
5
17
12
9
21
23
9
13
9
7
16
8
10
18
8
8
7
14
15
13
22
12
5
4
16
4
15
2
2
13
23
23
16
17
24
16
23
4
8
3
17
5
13
22
8
23
14
16
9
19
0
16
17
8
7
4
21
13
21
8
4
13
23
17
11
8
19
3
14
22
9
5
9
10
6
20
22
10
4
13
0
22
6
13
7
1
7
22
9
19
0
7
3
13
18
11
15
9
24
13
22
19
20
13
16
10
0
7
1
8
17
8
21
2
10
13
5
7
13
8
12
24
13
6
1
13
12
0
9
21
17
13
16
14
3
15
14
4
5
11
22
1
9
21
24
8
8
11
9
15
15
13
22
17
9
22
0
2
24
10
2
23
21
12
23
20
20
19
11
18
15
23
19
14
15
22
15
19
22
16
8
24
3
22
12
23
20
3
23
11
18
15
17
1
1
5
5
17
14
8
4
0
11
10
11
11
8
15
4
13
20
14
22
4
14
6
19
19
7
14
5
20
3
23
2
21
23
0
10
7
17
2
11
23
6
10
22
11
21
12
9
8
10
14
1
14
0
21
8
2
19
20
2
24
14
2
2
24
19
2
11
23
21
2
15
17
10
15
16
2
17
5
16
21
17
15
22
8
19
19
12
6
24
10
22
4
6
7
11
17
2
3
1
18
20
15
5
7
12
4
7
22
21
6
21
24
23
17
3
11
19
12
8
15
6
20
22
4
23
20
4
24
17
2
11
20
20
8
14
11
10
10
9
5
10
24
5
12
4
5
12
13
8
21
3
19
13
14
23
17
1
11
24
15
1
6
24
3
22
24
15
14
1
13
5
4
2
0
13
23
2
20
20
8
8
1
12
7
10
0
20
20
5
18
7
21
17
15
3
3
10
22
24
3
3
2
11
23
9
16
13
16
6
0
22
1
7
3
11
16
16
22
15
2
15
20
3
4
0
13
15
6
9
2
13
5
3
2
4
2
16
21
16
10
10
20
23
10
5
12
8
13
23
9
7
10
23
2
13
2
6
9
2
22
1
15
19
8
22
18
6
11
19
3
21
18
3
20
4
8
0
19
21
1
18
12
18
11
13
20
1
17
19
20
12
15
22
20
21
12
22
10
20
1
17
22
0
24
18
6
16
14
23
0
21
17
14
12
17
8
18
0
14
22
18
23
14
14
24
4
19
15
7
18
24
5
11
2
2
10
11
16
9
24
14
24
24
2
11
16
10
9
12
15
11
9
11
1
8
24
20
10
13
20
20
22
22
5
14
21
1
14
19
5
13
14
14
19
14
5
12
8
3
5
3
1
15
11
22
10
9
6
18
13
21
14
6
10
3
23
8
17
15
21
24
4
5
2
6
19
0
24
2
5
1
3
15
17
11
10
15
5
19
1
7
11
3
14
1
2
1
20
15
17
14
15
6
15
6
0
22
14
5
18
19
20
12
18
18
1
6
0
8
2
18
19
17
17
13
3
22
22
19
0
22
4
4
23
16
9
3
6
19
14
7
6
0
8
5
18
21
16
14
4
19
16
7
2
24
9
4
15
0
17
24
1
7
9
18
8
14
5
16
18
24
11
17
3
16
14
5
2
18
17
10
2
17
5
6
24
3
9
0
12
11
13
8
10
10
14
19
5
8
9
4
18
23
0
9
22
0
5
11
7
12
16
17
9
23
0
7
18
9
0
15
5
14
23
24
13
17
10
24
20
2
2
16
20
16
10
4
23
0
12
5
0
6
4
6
16
6
11
17
15
24
14
5
14
0
16
9
0
15
8
18
7
0
22
18
18
21
9
19
10
18
17
9
24
10
6
18
6
20
18
20
6
2
11
3
7
16
10
4
4
22
13
22
3
13
9
0
20
16
24
16
8
22
11
0
23
19
19
1
5
8
17
4
19
0
8
10
20
22
6
17
16
21
23
11
20
6
24
18
10
8
9
3
3
2
21
10
6
13
1
20
14
8
19
13
20
11
15
18
12
10
16
6
13
9
11
2
14
11
17
10
21
8
24
5
6
18
24
5
4
15
18
5
23
14
15
16
24
9
7
10
17
21
13
3
9
15
16
7
17
15
19
7
4
12
19
23
5
16
18
20
1
8
4
0
1
23
7
16
13
19
21
21
12
22
19
10
22
12
10
5
18
12
5
7
20
20
1
17
17
20
20
21
1
4
15
23
23
10
10
5
5
22
12
4
14
16
18
11
12
23
3
13
7
1
24
20
18
23
2
8
24
3
0
11
22
1
3
6
5
5
3
18
14
19
16
3
2
6
6
5
10
20
21
18
18
1
23
15
12
13
11
17
19
19
18
0
3
13
6
10
10
12
10
19
5
15
20
1
2
13
17
7
21
19
0
10
13
10
15
19
6
7
5
7
22
14
16
22
2
10
9
8
21
0
18
20
11
0
9
11
5
6
9
16
9
14
2
0
9
10
13
1
20
16
16
12
21
21
23
21
4
17
3
13
15
3
19
1
11
0
22
10
5
10
9
3
20
10
18
19
1
15
15
15
13
13
2
10
21
2
10
3
21
15
0
20
22
2
15
24
3
10
17
17
7
16
3
21
3
24
0
23
4
8
24
17
21
10
24
21
20
10
2
12
14
1
7
22
6
13
0
11
16
14
13
17
7
10
19
1
15
24
0
3
9
6
17
19
8
13
7
17
4
23
20
15
10
2
8
18
18
9
1
16
2
8
13
20
8
15
15
2
12
18
15
3
17
9
5
23
1
13
4
1
3
9
13
21
8
22
21
15
13
12
21
23
11
3
12
6
12
7
12
18
11
14
14
15
3
24
16
11
3
5
19
14
0
4
10
0
8
19
16
19
10
10
20
3
16
10
10
15
1
0
23
17
19
11
20
16
15
8
17
13
11
16
7
19
0
12
9
17
6
14
15
7
6
13
19
0
24
7
4
7
16
19
4
10
13
1
23
19
1
21
9
15
17
7
12
21
6
21
20
9
11
10
19
0
15
22
18
22
23
14
11
16
0
1
16
0
24
23
0
24
21
15
6
10
18
18
4
20
16
20
19
10
1
5
21
24
1
8
15
15
20
19
4
19
15
1
13
16
8
3
19
11
7
19
4
21
0
8
2
13
20
17
2
18
5
4
21
21
0
19
10
0
4
17
18
5
22
11
16
2
21
17
18
22
18
16
14
15
12
10
3
9
6
3
22
1
17
21
24
23
15
10
9
0
2
24
24
7
9
1
17
9
20
21
21
21
12
21
18
8
12
11
12
19
19
5
11
5
19
23
21
0
5
23
20
13
21
24
1
6
12
0
14
22
5
6
7
11
7
10
22
1
6
15
14
13
7
9
7
0
7
0
23
17
15
4
18
14
22
3
17
1
4
1
1
17
10
5
13
8
24
21
15
15
4
13
14
18
13
6
3
21
2
16
7
5
3
14
0
3
20
4
16
4
0
24
16
23
1
17
14
20
5
16
17
17
19
13
20
12
15
24
20
4
11
24
7
21
5
13
18
23
1
23
14
17
15
19
20
19
8
5
13
7
21
16
22
17
17
18
22
13
24
11
18
15
3
22
24
9
0
10
18
0
9
5
19
20
3
9
6
8
13
24
12
2
2
9
9
6
1
14
13
7
15
8
3
18
8
9
11
1
19
7
13
18
18
23
19
5
0
3
16
24
16
13
11
5
6
13
22
18
20
19
6
3
13
14
2
1
2
3
13
8
15
8
5
23
14
13
10
7
5
11
14
18
9
8
18
12
14
5
20
3
16
7
14
20
10
2
8
1
21
9
15
19
11
10
24
13
4
19
24
23
8
10
12
9
10
21
13
8
10
17
19
3
2
13
10
6
13
22
21
14
10
3
1
20
9
17
15
0
8
10
21
2
10
3
8
2
22
17
13
24
14
24
3
10
17
1
13
14
24
20
20
14
22
7
8
10
0
17
7
17
4
17
0
8
12
20
0
1
0
5
6
19
23
12
6
8
13
6
17
7
3
15
2
24
2
13
22
7
14
15
19
16
11
12
10
17
22
10
10
18
3
2
2
5
8
22
7
16
3
11
11
21
7
1
15
20
6
20
2
0
7
21
15
11
24
2
16
23
10
16
9
19
24
12
1
9
18
3
4
19
8
2
18
6
16
9
3
15
17
0
5
22
10
16
22
13
1
2
2
18
23
18
9
2
2
3
10
15
15
1
19
22
20
13
10
6
12
0
8
4
1
15
2
8
0
4
22
14
16
14
0
10
5
1
22
23
13
21
22
14
12
19
8
20
7
12
1
13
15
13
0
6
15
23
17
10
8
22
6
10
10
15
4
18
2
10
10
18
21
7
23
4
22
21
4
13
17
10
6
0
2
20
16
23
19
12
23
15
6
22
8
13
3
19
12
4
12
3
15
13
10
24
2
7
12
3
21
13
22
12
18
23
0
14
5
21
3
14
1
2
1
17
17
0
9
2
24
2
9
23
18
7
18
9
1
6
11
10
0
2
2
12
4
14
24
23
2
1
10
1
24
15
10
9
2
4
10
9
4
12
6
11
2
24
7
14
16
22
2
20
3
19
10
7
1
14
8
14
10
15
19
14
24
14
18
18
10
1
9
10
11
23
11
15
7
6
10
22
1
17
16
23
3
9
14
1
13
15
21
18
13
3
14
22
11
9
11
20
1
17
16
20
19
12
6
14
24
2
16
21
8
3
14
18
9
24
2
13
4
20
20
17
23
21
4
10
11
20
2
17
13
1
15
20
19
4
16
19
13
23
4
13
10
13
21
2
17
5
10
12
6
0
1
15
24
10
21
3
18
5
24
12
8
18
10
13
23
17
1
6
14
23
8
22
23
22
14
11
3
1
11
18
20
24
13
8
13
20
10
17
17
0
18
14
22
8
6
7
2
4
7
4
23
10
22
14
18
2
21
13
11
9
12
21
18
18
24
17
5
11
16
20
3
15
12
4
1
23
17
9
5
8
3
21
18
18
5
23
6
8
0
18
5
9
3
19
23
12
17
20
4
17
5
18
15
11
1
2
13
19
12
24
6
21
17
14
19
8
12
3
8
18
22
5
20
13
15
3
7
15
0
24
8
7
17
6
17
4
12
15
21
4
6
3
13
24
7
1
6
22
18
21
11
12
12
20
2
15
9
4
5
17
14
13
10
12
24
17
16
10
17
0
10
21
21
13
5
11
12
24
16
24
18
20
20
21
20
19
2
3
18
18
24
9
24
24
14
4
22
11
14
11
15
21
19
7
15
20
24
14
12
21
19
18
0
18
24
13
3
23
19
17
24
15
23
19
21
13
5
0
0
8
6
6
8
19
5
12
5
17
24
15
15
2
7
24
15
20
18
16
5
1
12
6
19
24
5
15
24
22
22
12
17
15
22
21
20
15
17
0
8
1
6
9
5
6
5
12
18
0
2
10
1
14
6
17
13
6
12
12
17
24
16
13
15
1
14
24
6
14
18
0
0
10
1
2
15
18
1
10
13
18
11
8
16
8
14
16
5
6
7
11
18
7
13
19
3
8
9
15
14
20
0
22
0
14
14
16
13
12
15
4
15
24
11
20
7
24
8
17
12
6
3
11
24
8
10
23
7
15
6
10
3
3
18
23
11
13
3
19
15
6
17
12
7
12
12
17
19
24
24
13
23
17
6
17
18
6
22
13
24
7
22
17
22
24
13
6
17
16
4
21
7
16
15
14
10
6
24
4
3
14
3
18
13
24
13
16
6
21
15
15
0
8
24
3
10
20
14
1
14
1
23
15
18
23
1
18
8
4
11
3
11
13
3
11
12
10
11
15
8
21
22
2
1
9
7
14
16
12
20
0
18
8
0
9
7
20
6
2
1
4
7
11
3
8
24
17
9
15
13
13
5
4
9
4
3
14
0
2
10
3
18
3
9
12
14
10
0
10
12
15
22
6
11
17
1
12
18
11
7
24
1
22
22
18
24
18
2
7
22
8
16
2
24
15
4
1
10
11
11
17
15
13
24
2
13
3
8
5
19
8
8
12
18
0
13
10
10
14
17
5
4
22
11
5
15
1
5
12
12
20
17
0
22
17
7
21
0
19
8
8
15
14
16
19
24
13
1
6
11
7
6
20
6
10
19
9
9
23
18
22
17
3
20
22
8
8
24
23
22
1
11
11
20
22
4
11
4
3
6
21
21
21
14
21
3
9
0
3
6
11
15
24
21
5
7
5
24
7
18
10
11
4
22
6
6
2
2
13
8
16
19
3
8
5
24
8
18
15
3
0
6
6
5
1
22
4
23
9
12
3
16
11
8
9
24
4
12
9
8
8
0
4
19
4
19
5
16
11
10
17
23
9
17
22
17
17
10
16
21
1
5
16
23
24
19
22
4
8
13
8
9
13
6
14
13
14
22
15
8
4
5
22
8
7
8
2
8
5
9
20
22
22
2
19
10
19
7
12
7
15
19
2
5
8
3
10
5
21
22
18
23
15
18
4
12
3
24
14
5
17
3
17
1
14
6
14
21
14
6
3
16
2
6
13
17
3
8
16
11
1
12
21
0
1
19
12
12
14
11
1
2
1
13
23
10
7
16
10
17
17
5
22
23
15
1
22
3
8
22
5
8
18
5
9
17
23
21
7
18
21
13
9
17
14
16
10
6
2
21
14
1
16
24
3
23
18
24
17
23
6
11
3
13
8
23
18
15
10
6
13
10
10
10
23
23
11
8
17
5
0
4
2
0
5
8
0
18
23
15
20
18
12
15
17
21
7
16
24
16
16
4
11
8
13
1
14
17
23
6
4
23
20
6
16
24
13
17
3
1
20
12
17
15
14
10
2
17
2
11
7
21
23
1
4
20
8
9
9
19
3
3
17
22
12
12
23
8
18
6
9
22
22
13
3
20
13
9
22
12
1
21
24
3
16
10
0
1
4
24
0
21
21
7
15
12
23
2
4
18
16
7
5
11
10
17
24
6
3
12
9
3
10
4
14
13
20
15
10
12
0
17
0
5
22
5
16
8
14
1
22
0
18
15
3
5
12
2
6
19
3
17
10
5
0
13
9
6
8
5
1
17
6
4
19
3
6
20
14
19
11
19
22
17
6
13
6
7
14
0
14
8
17
7
11
3
21
19
21
19
7
5
0
9
17
13
5
21
1
11
11
18
19
13
16
24
22
19
8
4
24
13
14
15
8
1
14
11
2
13
20
0
17
21
11
10
23
18
6
20
6
12
23
22
5
11
18
8
12
19
22
12
20
3
24
18
24
3
8
16
5
4
7
5
24
13
9
18
17
13
1
2
24
1
0
19
22
14
15
0
20
10
16
5
4
18
10
5
1
16
3
1
13
3
4
13
18
23
17
17
18
11
22
23
17
0
15
13
11
9
19
11
0
13
6
24
11
20
1
13
8
0
13
2
19
7
20
6
8
11
13
9
18
9
3
18
6
3
3
18
8
8
20
21
0
6
5
19
0
22
22
8
9
0
7
14
4
22
20
2
3
22
19
16
17
16
7
4
9
19
8
6
7
20
4
10
8
3
0
19
1
8
23
11
23
23
23
16
15
12
6
22
23
12
23
19
8
13
17
17
8
9
13
19
10
6
17
7
20
17
16
12
20
2
23
21
0
18
12
11
2
6
4
9
10
21
3
3
23
16
24
2
17
17
19
7
0
13
23
7
5
10
7
4
20
5
24
22
9
21
15
13
6
10
2
6
1
15
10
5
7
23
6
12
19
18
15
24
0
14
4
9
9
12
1
10
17
24
0
23
15
24
14
3
18
4
23
15
8
1
12
22
0
14
6
10
19
16
2
3
12
11
1
22
3
10
11
23
22
22
15
2
22
4
23
23
22
14
7
12
24
23
5
23
0
13
19
6
17
2
13
14
16
4
10
14
6
7
15
24
0
12
4
5
9
6
7
3
14
21
17
19
13
18
22
17
8
23
8
24
3
9
5
6
17
10
5
3
15
22
3
9
0
12
5
6
20
11
6
8
18
24
9
3
8
3
15
6
24
1
8
23
8
19
22
0
5
0
20
23
19
12
21
10
23
10
23
20
6
2
15
9
9
8
1
15
15
16
13
14
12
8
1
2
21
22
14
15
22
20
17
24
15
5
2
14
17
5
3
20
3
0
24
14
17
20
6
1
18
12
1
23
2
15
5
10
2
11
20
4
3
23
23
4
10
17
6
18
10
4
4
17
12
15
9
4
15
4
13
24
22
20
15
21
20
0
18
12
5
7
24
16
8
3
11
18
1
18
3
12
17
5
12
13
15
16
9
1
11
5
4
18
23
2
2
24
4
10
16
15
8
15
20
16
23
9
6
23
9
11
8
22
3
8
1
16
21
4
7
13
23
1
5
19
11
24
8
10
17
18
9
17
23
10
13
12
9
19
22
3
3
15
24
4
10
4
4
13
13
8
14
21
4
17
12
9
7
22
0
3
5
6
24
20
13
7
16
15
13
20
7
22
18
1
13
1
10
7
19
14
7
3
19
6
12
14
0
8
22
14
18
21
22
3
4
24
16
9
16
0
2
14
19
13
17
13
4
22
11
0
15
17
19
17
8
24
17
22
18
3
8
3
3
21
24
8
4
18
20
15
8
4
17
15
9
21
24
21
1
14
1
2
20
13
4
11
24
24
10
17
9
9
10
2
16
12
5
16
19
16
7
8
21
2
15
14
5
1
19
3
2
5
18
10
20
15
12
22
2
8
0
10
12
5
24
0
7
12
6
24
2
13
8
17
21
14
11
14
12
0
11
8
19
9
8
22
10
24
17
7
14
12
5
16
2
7
13
23
16
20
13
0
0
4
12
2
17
20
11
12
10
18
21
24
17
8
4
17
5
21
8
1
20
3
16
4
3
24
1
12
3
12
7
1
7
6
14
1
6
5
14
16
11
2
18
9
8
22
20
16
23
21
8
19
19
22
2
8
12
8
4
23
19
5
15
24
19
9
1
21
17
11
3
16
20
19
10
21
12
2
22
4
14
1
24
4
19
20
5
8
0
4
13
19
19
12
7
19
19
17
22
7
14
21
18
14
10
11
23
5
17
9
9
22
8
20
5
14
1
14
11
4
1
14
9
3
16
15
5
23
24
11
6
17
6
20
7
9
18
11
4
18
15
2
20
2
23
4
9
12
19
8
12
17
3
4
6
1
18
13
17
10
2
20
22
0
13
18
6
13
4
5
7
23
8
24
23
4
9
8
16
13
8
13
7
18
15
7
11
8
8
5
14
15
12
6
8
11
12
4
8
21
13
14
15
5
9
1
20
5
12
12
10
11
18
8
5
16
3
22
1
5
23
3
18
20
5
17
19
2
15
22
5
19
20
14
10
4
2
22
15
1
9
22
8
12
13
14
14
5
22
24
15
19
1
24
22
16
0
11
21
2
5
18
17
16
6
10
9
9
12
20
9
9
11
23
0
2
18
3
6
13
7
3
4
8
15
15
15
3
6
21
21
16
24
3
24
9
16
19
20
17
1
15
8
8
5
1
21
17
22
5
16
8
19
13
3
22
10
12
15
10
1
15
2
17
21
11
7
9
19
0
15
6
22
10
23
3
0
3
21
21
22
3
0
13
5
18
21
11
2
1
5
11
17
5
19
12
6
5
17
18
7
8
4
6
7
23
0
2
4
19
3
16
12
4
17
22
0
11
0
21
0
10
0
11
15
10
14
20
6
13
1
11
15
6
12
15
11
13
3
16
7
13
11
5
9
20
23
4
24
16
16
8
19
13
4
14
0
10
3
23
12
2
13
8
8
6
22
1
4
6
5
2
21
10
21
16
9
4
24
8
2
23
5
5
14
9
10
7
8
20
6
8
17
5
2
17
18
24
12
11
6
9
11
1
2
17
21
6
2
20
23
2
20
3
20
20
2
9
15
12
16
0
18
8
3
1
5
12
11
4
10
10
20
17
9
14
1
24
16
15
11
11
12
15
8
2
0
16
16
6
16
2
9
1
4
1
18
6
5
21
15
7
20
23
2
22
10
7
24
9
20
12
21
9
14
15
6
23
15
19
8
2
6
1
2
9
2
20
21
19
8
18
3
8
15
14
7
3
7
21
20
4
21
12
7
16
5
15
15
2
16
14
17
10
13
5
3
1
15
8
3
22
11
14
2
14
23
18
18
0
3
18
2
15
11
8
0
3
19
11
21
8
24
15
13
20
2
20
14
3
19
21
12
14
20
18
17
0
7
4
11
14
11
0
1
19
15
3
3
3
12
0
9
5
13
21
23
16
5
23
8
10
18
19
18
1
5
17
5
17
20
23
15
18
16
19
0
0
9
23
16
15
1
7
2
12
16
24
13
3
13
11
24
5
20
2
24
14
7
20
6
13
13
3
19
1
13
11
20
11
11
18
19
23
14
18
11
5
17
6
5
13
14
1
23
15
21
20
12
14
24
4
6
5
10
13
18
9
9
14
20
20
8
15
6
3
21
15
10
11
19
9
17
15
1
16
24
23
2
19
1
20
13
17
10
10
1
24
8
2
20
17
22
7
14
20
9
5
20
21
1
5
5
11
22
13
17
18
22
4
21
12
4
5
11
15
13
10
3
4
18
14
11
17
20
1
9
18
17
2
4
2
2
10
7
20
23
16
9
13
15
5
22
13
14
10
22
1
10
14
17
20
18
15
11
0
21
16
9
12
12
5
9
24
17
4
14
8
22
0
5
20
5
18
16
0
10
0
3
23
7
14
2
19
16
13
6
16
15
21
14
6
4
2
20
13
24
16
3
14
12
17
3
12
12
19
2
3
0
18
14
5
20
10
20
20
23
2
24
23
0
13
20
11
0
10
7
3
24
17
3
22
9
16
17
21
18
8
12
11
14
4
16
3
19
2
18
4
19
4
15
19
20
7
3
11
3
2
19
8
16
0
22
20
2
14
24
18
14
7
17
22
14
12
5
22
15
2
15
22
4
24
18
2
3
15
19
10
21
19
5
6
14
12
15
18
23
8
1
11
4
13
12
9
17
13
4
17
22
15
23
21
21
7
10
16
4
21
24
10
2
13
19
4
4
20
2
0
14
10
6
1
23
11
7
12
0
1
4
17
0
14
16
12
23
12
6
20
13
9
11
21
3
20
12
0
3
8
4
22
5
14
2
3
22
12
0
13
8
11
20
14
8
5
17
12
14
20
22
23
9
12
24
23
15
14
14
18
0
3
16
1
23
24
5
9
23
4
7
16
17
10
23
23
9
20
5
24
20
1
15
17
24
9
24
17
20
21
20
8
4
9
6
7
1
9
18
22
22
4
22
12
11
3
3
13
9
14
12
16
21
15
3
22
20
15
16
23
4
5
9
9
24
22
5
11
4
17
14
10
0
20
11
19
6
12
15
3
2
23
17
13
10
9
22
8
9
9
10
21
21
1
14
24
1
2
16
13
4
17
11
23
17
14
4
8
12
17
8
1
19
1
11
14
13
4
8
4
19
14
6
7
1
9
7
15
2
24
16
6
9
23
19
11
12
5
6
10
19
3
5
19
13
10
0
19
7
12
14
2
24
11
16
0
23
16
3
12
18
15
2
14
6
7
21
4
7
19
4
4
0
9
22
21
18
24
3
14
6
7
8
8
2
11
11
11
9
4
15
24
15
14
8
18
7
2
13
20
17
24
9
7
10
13
6
0
23
4
0
6
18
2
0
11
2
3
9
7
12
4
11
13
21
22
14
7
21
4
20
2
22
2
4
1
21
17
20
14
18
16
14
22
13
11
1
16
7
12
10
24
20
24
11
14
17
4
19
20
15
17
2
17
14
13
24
15
13
0
22
4
7
18
22
8
22
13
16
1
24
15
18
18
11
11
8
20
11
19
19
4
2
12
3
6
1
8
16
9
22
12
4
11
14
15
23
9
14
24
16
14
5
5
15
10
15
16
23
19
14
16
17
22
14
16
19
19
22
8
4
22
14
13
13
12
8
10
15
15
12
2
15
23
22
23
19
3
8
21
20
13
1
1
12
0
22
0
17
1
11
23
16
16
24
8
7
23
1
19
21
24
4
4
6
16
4
10
22
17
12
17
17
20
6
16
19
14
0
9
7
17
24
0
10
14
20
17
6
21
8
12
6
21
20
3
1
16
23
0
13
15
2
12
17
3
13
22
0
11
13
21
3
4
19
0
11
4
22
8
11
10
4
14
18
11
13
10
4
22
18
12
0
1
15
5
7
12
15
15
20
2
7
0
6
1
17
11
24
17
10
21
0
6
0
8
13
8
16
2
14
12
21
0
21
7
23
5
22
23
21
20
14
19
19
0
1
15
18
13
15
17
4
15
1
19
18
1
8
4
10
9
9
16
16
12
3
11
6
11
13
21
2
22
6
3
3
9
9
19
6
2
6
13
7
8
5
17
16
13
0
20
1
23
13
10
2
4
12
0
7
24
19
21
6
21
16
14
20
8
14
24
22
17
17
22
2
7
3
3
11
4
0
14
20
3
19
3
17
8
1
9
24
14
24
19
19
0
15
11
13
9
3
19
6
1
4
8
1
15
4
15
16
3
17
22
10
24
15
15
15
8
17
22
21
20
17
24
22
19
14
5
0
19
12
7
12
18
11
9
11
18
17
12
20
21
7
24
22
11
21
4
20
24
17
13
10
1
8
17
5
18
17
15
16
24
24
22
10
3
19
19
20
9
7
16
18
18
11
23
8
7
3
5
21
21
12
23
4
2
6
5
22
2
17
16
21
10
1
16
14
10
9
24
18
13
7
8
24
2
1
1
3
18
22
20
15
11
14
7
4
18
20
7
9
5
7
9
21
11
21
6
18
3
7
20
3
19
17
8
17
14
3
11
10
18
10
21
14
21
2
21
20
18
22
0
6
11
23
2
23
19
0
22
17
22
0
16
15
22
5
9
15
7
4
18
20
8
9
24
19
5
3
13
19
0
14
22
12
7
9
18
12
14
14
0
4
1
23
8
0
15
12
18
8
22
10
2
6
4
7
8
20
6
13
17
6
4
2
0
17
16
3
15
19
20
7
6
23
2
11
0
7
17
24
3
23
6
19
16
7
15
14
3
11
2
2
8
13
0
1
14
0
13
13
7
18
15
3
1
13
24
24
16
18
7
7
23
12
21
19
24
10
16
12
12
20
5
17
9
17
16
22
16
15
19
13
19
20
5
4
23
18
18
14
2
3
13
19
14
12
8
17
21
20
7
17
22
15
17
0
10
12
15
13
9
12
7
10
23
16
16
8
15
16
13
9
7
16
6
11
0
19
23
4
12
5
9
22
11
21
22
1
10
22
8
8
22
0
9
2
6
6
11
22
22
22
15
17
20
15
2
22
21
5
19
22
14
5
6
14
19
15
5
13
24
7
20
8
4
12
3
5
17
2
17
23
0
0
22
1
16
10
22
17
9
11
20
11
1
15
2
5
19
5
24
22
14
9
14
18
18
6
16
24
18
23
2
24
8
7
14
19
23
6
3
24
23
1
15
20
18
3
2
18
21
9
23
23
7
2
20
11
10
13
18
21
3
10
19
5
3
18
24
10
14
12
21
9
15
14
20
14
13
8
4
2
15
0
14
18
14
23
21
6
1
4
14
21
6
8
18
14
14
2
21
22
9
15
17
16
5
6
3
20
15
18
23
4
7
0
4
10
9
11
24
20
15
23
4
16
5
16
4
9
6
15
14
14
2
8
4
20
4
17
19
3
2
11
17
21
20
6
13
20
15
23
3
5
4
20
4
10
0
11
8
0
13
10
2
17
3
24
8
18
6
24
17
16
16
16
22
11
1
24
13
15
16
9
8
16
24
19
0
13
22
5
12
23
15
19
13
24
1
4
10
23
21
20
11
19
20
15
17
12
5
13
13
11
6
22
23
10
12
12
10
18
1
14
6
0
11
5
15
17
20
13
2
18
7
7
3
18
24
21
23
9
16
23
2
21
14
0
11
0
6
19
15
12
16
21
24
0
4
22
22
16
17
0
17
11
14
8
14
15
5
17
6
14
15
3
4
11
19
14
11
18
5
14
15
16
21
9
13
7
13
10
12
20
6
1
21
6
1
2
20
15
0
17
8
2
17
11
8
18
8
16
18
5
5
3
0
2
9
15
11
23
0
19
1
17
12
10
4
12
0
22
22
13
4
21
17
2
3
21
6
13
2
20
19
10
23
10
12
4
1
19
24
21
15
14
18
16
9
22
10
9
10
0
19
10
8
15
12
19
15
4
14
9
9
17
12
24
12
15
9
19
21
17
16
12
8
12
22
15
15
13
20
17
6
8
13
17
7
9
17
10
2
21
22
15
7
13
1
12
6
7
9
24
24
19
5
11
19
24
11
0
14
22
15
0
20
9
23
6
1
4
11
21
5
15
0
0
8
11
5
5
23
6
23
4
10
9
8
11
22
6
1
21
16
22
22
23
11
14
1
0
18
15
14
5
14
17
15
11
7
11
15
4
16
7
7
18
11
9
2
21
3
11
24
5
14
8
13
13
6
23
7
13
20
24
18
14
12
0
21
3
8
3
14
3
16
10
6
18
18
23
9
21
18
4
21
24
8
10
20
12
12
14
15
6
21
21
6
6
1
1
15
20
12
6
1
7
22
5
2
11
9
14
15
11
7
5
2
15
0
19
15
22
17
24
24
11
3
13
17
5
3
8
14
5
0
19
19
19
8
14
10
1
9
12
23
11
18
9
19
9
3
6
14
17
15
3
2
21
20
6
12
14
2
22
20
0
13
4
15
17
20
12
19
0
9
3
6
15
4
22
1
20
1
22
21
5
21
2
9
9
4
3
17
16
7
3
20
20
22
23
11
9
1
8
0
4
11
24
19
5
11
17
8
9
21
18
18
0
4
21
6
0
6
19
4
23
2
1
3
8
18
5
1
17
23
3
10
13
10
15
22
23
14
9
23
7
4
14
23
1
19
4
11
5
12
21
1
17
3
11
23
4
2
23
3
20
23
8
13
1
6
1
2
16
15
21
7
21
11
5
16
19
2
2
24
6
23
0
6
7
18
12
11
8
1
22
0
7
4
13
14
18
16
5
6
21
21
19
16
17
15
16
10
24
14
5
20
24
12
6
11
12
15
18
20
13
3
11
3
0
21
23
6
1
2
22
1
4
23
0
23
14
13
0
15
10
19
19
9
18
12
3
1
3
20
23
0
8
11
2
2
22
9
10
6
10
21
17
21
24
15
5
3
6
7
24
21
23
23
9
20
21
9
15
21
24
0
18
6
17
11
15
20
8
23
11
16
5
16
8
16
13
14
24
5
14
3
9
24
20
12
11
21
19
22
21
8
22
21
22
10
20
18
4
0
9
3
20
3
19
4
7
7
8
8
21
11
3
5
3
23
11
0
18
19
1
10
13
22
4
18
10
22
3
3
22
20
21
8
22
11
19
24
12
0
9
22
0
17
15
5
7
8
23
7
24
11
3
8
5
14
9
17
12
18
18
2
15
19
20
9
22
16
22
19
13
6
2
0
18
3
23
7
11
17
8
21
4
3
20
0
0
21
20
18
22
16
17
10
22
0
2
20
19
18
13
20
21
14
9
4
16
0
11
12
10
16
23
12
16
21
13
17
14
23
5
5
12
21
1
22
4
19
14
23
21
8
1
12
9
22
17
19
17
1
4
24
23
17
21
5
14
15
3
0
6
22
12
12
6
16
20
14
9
24
2
13
5
2
3
12
4
1
21
6
19
18
13
0
0
14
21
8
22
14
23
8
12
15
3
0
3
12
4
3
15
3
1
9
22
19
6
15
19
16
10
18
7
23
9
21
3
0
9
1
7
9
21
15
16
7
6
9
15
11
1
11
4
18
0
13
18
24
18
12
7
21
2
24
8
19
1
21
23
7
21
20
10
3
1
15
18
22
12
24
1
10
2
9
18
14
19
11
2
21
14
5
23
19
17
9
17
2
21
7
0
14
10
10
11
2
10
22
17
8
20
11
20
5
10
1
23
8
10
13
4
12
3
3
2
0
20
5
11
10
16
17
6
24
15
2
21
5
18
17
23
7
16
24
3
12
3
3
2
19
23
23
8
23
13
3
24
7
13
10
15
24
22
4
23
8
11
22
14
6
23
11
20
20
6
3
13
24
19
10
5
17
19
13
16
0
11
3
10
14
11
4
3
10
16
12
13
20
21
9
23
20
9
1
18
19
9
15
11
0
2
17
4
12
22
5
2
24
12
14
23
3
0
7
2
1
4
13
12
4
1
8
16
4
20
3
7
22
3
20
2
11
6
23
8
22
22
10
9
22
7
12
24
10
19
7
6
7
11
5
11
1
15
8
4
11
6
9
16
21
4
19
8
16
22
16
3
18
11
22
14
16
4
14
16
9
13
1
16
4
6
5
12
10
9
14
24
6
3
15
6
13
1
11
7
16
19
10
5
8
3
18
15
23
5
20
6
20
0
18
15
11
3
11
21
11
19
24
20
5
0
20
20
19
21
4
22
21
16
19
15
20
6
13
9
15
0
21
17
9
9
18
23
13
23
11
19
16
13
23
3
2
0
5
11
8
1
8
12
17
6
9
8
21
1
3
15
9
7
6
8
6
12
4
13
5
13
2
14
3
9
7
23
23
0
1
2
18
19
7
7
19
11
8
22
14
6
6
14
14
11
10
5
21
24
7
20
24
16
15
4
3
3
1
18
15
23
8
7
23
24
18
10
2
3
22
16
22
17
9
11
4
8
2
0
19
24
9
0
3
1
21
12
22
1
18
0
12
22
19
23
21
8
22
15
14
13
3
16
16
4
9
12
10
11
3
23
4
12
23
3
0
23
20
11
19
12
10
13
8
8
5
15
4
22
11
0
22
19
7
11
16
23
16
24
1
8
7
9
2
24
22
14
3
16
5
3
10
12
24
4
18
17
5
2
14
9
13
11
12
18
22
19
10
19
4
18
11
0
13
24
10
0
4
19
3
17
15
2
10
3
4
2
10
22
17
19
0
12
16
11
21
21
14
9
8
0
8
18
16
24
7
0
18
8
16
4
12
15
17
24
5
17
15
22
23
13
2
21
14
14
11
4
1
21
22
12
6
8
10
0
14
7
7
21
15
3
3
10
22
19
15
10
23
7
12
0
19
23
16
9
0
13
7
24
15
19
10
4
2
23
19
21
20
22
12
20
3
12
17
23
7
18
21
1
24
14
19
22
14
21
0
17
4
21
4
17
7
6
23
3
18
1
1
2
7
6
3
6
17
6
9
13
0
8
4
4
10
2
14
13
11
21
21
4
4
4
0
21
17
2
11
17
9
17
20
22
14
4
4
20
23
22
20
10
6
19
20
24
18
6
19
4
20
21
5
5
6
18
0
8
16
0
16
1
19
11
24
14
0
24
4
1
24
0
12
8
15
3
0
18
5
4
1
14
12
15
13
6
9
11
14
6
24
20
6
19
1
22
10
21
12
19
22
5
1
13
3
3
4
22
20
19
21
10
20
21
14
23
7
6
13
22
23
20
12
12
8
13
16
21
13
1
4
3
20
5
1
18
23
12
9
1
23
22
7
24
18
15
7
23
23
12
6
17
16
1
11
23
20
4
12
3
11
0
16
21
7
3
19
4
21
19
21
1
1
24
8
20
12
1
13
4
18
11
20
8
0
2
23
16
13
19
9
14
5
19
8
5
8
15
0
21
9
6
15
11
8
19
5
5
8
16
19
22
6
22
15
21
14
1
18
20
5
10
19
4
7
21
22
4
15
18
2
22
23
20
10
10
4
6
21
17
16
21
12
14
17
11
22
2
8
6
6
14
20
16
16
15
10
16
9
3
13
1
16
4
14
7
11
15
3
17
10
4
0
1
9
8
24
5
11
24
18
12
0
14
7
18
21
18
11
0
24
16
15
22
16
10
15
18
9
16
3
13
2
3
24
2
9
11
14
17
23
7
8
13
22
19
6
19
6
20
22
6
17
15
8
0
15
11
24
12
4
4
2
3
6
6
0
12
9
2
20
0
2
13
9
5
5
10
8
2
17
13
4
2
16
15
23
6
2
15
5
17
21
15
14
22
17
9
13
11
13
3
15
7
14
22
19
3
15
13
6
6
21
12
15
11
6
11
14
18
12
16
9
24
0
8
19
15
6
7
11
19
21
15
2
11
12
23
8
11
8
5
18
20
10
22
8
16
0
5
21
2
1
17
16
12
17
11
18
6
14
9
15
5
18
0
18
24
24
22
5
2
19
13
2
18
13
15
10
16
23
2
12
2
2
12
14
0
16
14
23
15
5
24
22
22
2
4
16
7
4
21
14
21
8
17
14
18
13
3
18
0
8
23
3
7
11
23
6
13
16
4
23
14
24
6
5
4
12
3
2
1
3
18
16
8
10
2
14
4
18
8
11
10
11
21
14
8
10
19
0
22
4
19
10
11
9
7
1
19
15
11
8
20
13
17
21
7
13
1
8
0
23
22
3
7
14
23
7
1
13
19
6
18
10
24
10
15
16
11
21
18
1
16
15
3
23
19
7
8
7
14
19
24
11
11
0
16
15
13
0
4
0
19
12
19
8
22
17
7
15
22
7
7
5
21
16
14
0
22
11
17
15
6
15
2
5
16
15
7
9
10
17
0
2
10
15
7
1
19
17
19
2
10
2
12
16
0
23
7
8
19
3
8
6
20
16
12
10
16
6
5
14
15
14
16
0
17
17
18
15
1
11
20
13
12
13
5
9
22
16
13
3
11
18
5
20
10
15
11
19
24
8
5
1
2
20
3
16
4
13
19
20
11
16
3
15
18
5
11
18
16
19
18
13
1
15
0
8
15
17
10
3
3
14
24
22
22
0
1
6
1
0
12
11
7
9
10
15
7
18
22
5
15
7
17
19
8
22
21
3
7
23
18
24
3
8
23
3
14
4
9
14
20
4
22
15
8
17
8
11
21
0
17
22
4
18
22
2
3
7
12
19
1
13
7
8
18
15
20
15
18
23
15
16
1
1
12
10
16
18
23
11
11
15
10
17
1
4
7
6
16
13
13
10
15
7
13
5
7
23
10
2
20
21
23
3
4
8
11
22
17
21
9
2
4
7
11
6
20
24
5
3
1
14
4
7
20
17
16
19
14
16
8
14
10
8
21
2
1
11
17
6
20
3
14
23
9
4
9
20
14
8
12
14
10
11
23
14
13
22
5
5
2
12
4
21
9
6
23
21
6
0
9
1
23
3
15
5
17
14
23
12
23
19
1
12
20
4
18
6
21
4
20
15
10
9
22
12
17
8
24
16
24
8
13
4
9
24
22
5
3
14
21
18
8
20
11
10
18
1
9
17
24
11
1
3
24
5
16
19
1
14
7
15
22
5
7
9
5
9
19
1
7
18
7
2
9
6
19
21
17
24
24
20
14
4
20
12
24
12
12
3
4
20
4
24
14
3
20
22
10
8
13
24
24
18
5
0
16
5
24
11
4
7
22
5
3
13
21
16
13
14
14
19
2
17
21
16
24
12
22
9
18
18
13
11
3
19
9
9
18
0
7
22
17
15
19
24
5
16
9
18
8
12
15
11
16
23
9
1
2
5
14
22
15
10
10
19
18
19
3
16
9
14
19
10
8
3
22
2
21
10
3
6
2
2
12
15
16
16
2
22
1
15
8
18
5
11
20
24
4
7
21
19
0
20
10
10
2
1
21
22
12
3
17
11
14
3
4
18
14
0
2
17
10
10
1
12
24
11
8
19
24
0
10
5
10
19
2
8
2
7
7
23
24
18
21
5
22
24
23
23
7
9
3
2
14
6
16
16
4
13
10
2
11
7
24
24
20
5
8
17
13
9
23
23
19
3
11
19
20
5
13
20
9
2
12
15
15
23
15
2
0
2
1
9
19
7
0
4
1
10
18
14
4
20
5
3
18
23
9
24
16
19
4
12
6
8
12
21
7
15
5
0
13
6
1
12
12
18
13
22
23
5
23
7
20
8
11
21
15
2
17
21
24
5
5
3
24
13
1
12
8
17
12
5
6
5
4
24
22
21
18
23
6
8
23
3
10
21
1
4
7
4
7
2
23
1
7
7
23
6
7
23
20
3
23
9
20
0
3
0
23
8
16
4
13
22
8
14
24
3
10
0
1
18
15
5
21
22
22
0
4
16
19
2
3
5
24
19
17
14
0
8
5
23
8
24
9
7
6
16
4
5
8
13
0
21
13
13
15
1
21
18
9
15
20
8
22
3
2
5
16
21
21
21
13
0
24
0
20
3
0
14
21
21
13
10
3
1
18
20
20
2
8
19
23
15
22
17
2
6
0
3
0
10
14
19
4
11
10
2
5
16
13
17
22
2
14
0
24
8
2
18
1
5
0
19
10
12
16
12
20
8
4
2
7
4
0
21
23
19
4
12
4
5
16
10
12
9
23
24
6
16
14
3
2
4
8
18
24
19
20
23
21
7
9
8
4
5
8
2
4
13
5
10
17
1
19
20
8
16
7
22
6
12
24
21
20
2
8
1
9
0
12
8
22
20
21
20
19
7
19
12
0
2
7
17
19
12
0
3
12
22
4
15
14
16
13
11
2
22
11
17
0
12
24
3
12
12
9
6
19
3
7
1
0
8
14
19
1
1
2
19
1
18
19
2
9
11
2
19
22
18
17
2
8
5
3
15
20
7
20
15
12
6
21
4
0
22
6
22
23
3
24
5
12
13
1
10
11
3
1
24
23
21
2
19
7
22
22
10
11
24
20
18
11
23
18
5
4
15
20
16
12
17
11
16
20
13
2
3
22
8
6
13
4
12
6
12
12
14
6
21
3
2
19
5
16
10
4
7
7
24
1
15
10
13
4
11
11
5
15
19
20
0
7
23
20
8
8
17
23
6
24
21
7
21
1
16
3
12
6
8
10
8
18
11
8
7
19
1
24
4
23
15
12
16
23
4
17
19
5
24
17
19
9
17
12
15
9
0
12
2
24
10
15
18
11
23
0
7
7
5
5
24
24
17
13
12
1
20
11
22
22
0
8
23
10
15
1
13
16
6
20
11
16
9
1
12
11
15
14
1
20
5
21
10
15
2
14
5
8
2
9
10
24
16
19
3
21
23
5
3
23
8
20
4
14
12
9
20
2
11
20
15
13
16
20
23
8
16
22
20
20
11
9
23
22
4
13
20
2
5
9
17
12
5
12
22
18
18
8
15
6
20
5
16
22
5
8
9
22
10
17
17
4
2
1
14
19
1
22
13
17
18
15
7
12
12
11
21
6
23
8
19
5
15
17
3
23
20
22
21
16
1
1
0
14
4
10
13
24
15
18
2
14
11
8
17
14
20
0
0
8
9
23
11
15
0
20
0
0
0
22
1
20
20
21
6
15
16
5
7
17
9
3
23
9
19
11
23
20
24
11
6
7
18
18
19
18
21
14
10
22
17
2
16
23
6
6
7
15
1
4
22
0
3
16
22
22
21
12
11
23
24
4
20
4
24
8
16
0
20
17
20
17
19
11
0
20
24
0
7
4
24
1
6
18
18
16
1
0
7
7
13
23
13
17
2
22
20
21
3
24
15
1
18
11
14
12
6
18
15
11
2
18
0
6
4
2
20
21
23
14
15
12
20
14
16
7
15
17
3
6
11
23
9
12
9
20
23
11
5
12
8
9
23
18
4
7
5
9
1
7
24
24
12
23
3
13
13
6
8
21
24
10
2
16
14
16
19
22
1
1
4
7
24
14
6
19
24
22
1
14
7
7
4
10
21
11
13
10
19
11
23
5
11
24
7
16
19
11
1
14
7
9
10
12
4
24
21
5
11
5
22
19
11
24
23
0
11
20
19
11
21
19
21
17
4
22
11
23
23
6
0
20
7
23
4
12
8
23
3
20
23
3
9
15
24
16
10
13
16
6
17
1
14
3
23
11
18
20
10
4
24
24
0
10
8
4
23
11
20
21
21
19
6
6
13
16
8
23
20
0
10
12
6
20
5
19
1
14
14
1
4
24
9
14
19
23
0
24
21
13
13
19
24
23
6
11
24
12
1
16
2
2
10
2
10
20
13
12
5
20
3
13
16
7
4
22
24
22
4
16
10
24
17
15
15
10
10
10
13
23
12
7
23
0
21
21
18
23
7
8
14
24
22
6
1
6
7
11
14
4
22
1
11
1
24
11
15
5
21
23
0
7
17
15
20
11
22
18
16
16
19
16
7
0
7
17
0
6
20
23
17
16
24
22
7
11
15
23
3
4
9
15
4
0
9
10
15
1
19
18
12
0
22
3
22
21
7
22
10
4
24
9
20
7
12
11
8
23
1
2
7
11
2
21
23
19
8
20
1
20
6
4
14
22
1
8
14
4
14
3
6
22
21
2
20
4
20
13
15
24
18
15
15
20
2
2
3
10
2
9
21
0
18
5
10
8
0
5
1
11
20
19
18
1
20
18
16
1
13
11
21
4
3
20
1
9
7
2
0
11
17
21
19
7
10
17
12
9
0
3
16
13
3
7
17
6
20
4
7
22
1
11
14
6
24
9
24
18
15
21
10
18
18
3
2
19
0
1
21
23
3
2
8
3
6
16
7
2
6
10
11
23
2
12
18
23
22
3
16
5
15
10
24
8
22
3
4
20
4
14
10
4
4
24
6
16
2
18
20
22
23
24
5
22
12
22
5
13
0
1
16
4
22
2
17
16
8
7
16
19
22
0
2
17
7
10
16
10
13
10
21
6
4
2
10
5
14
18
0
7
7
13
0
22
7
23
16
23
19
3
7
23
6
7
15
14
9
12
17
23
17
9
20
9
11
21
11
0
7
0
3
12
11
0
1
16
24
11
3
20
7
5
15
3
14
12
3
2
6
3
16
18
21
16
9
1
24
16
10
18
1
10
11
6
20
17
0
19
22
13
18
4
24
0
14
21
12
2
11
1
16
9
15
23
12
2
11
11
18
1
7
15
11
5
1
4
23
15
8
6
9
16
0
13
6
13
9
13
15
15
7
4
17
2
0
13
16
2
12
17
16
15
14
21
11
7
10
15
17
24
1
13
7
8
7
4
0
19
18
5
2
6
22
24
14
22
18
21
12
23
14
23
6
5
1
13
18
16
13
21
12
15
4
9
1
18
12
0
10
15
6
3
21
23
20
12
8
8
5
0
0
21
7
17
1
12
20
8
11
0
9
20
23
21
20
5
2
22
14
8
13
23
3
2
17
14
4
18
5
6
5
22
6
19
17
10
23
16
18
24
23
15
15
23
11
12
3
16
14
13
24
0
18
22
4
10
20
15
18
24
0
13
6
3
14
24
2
2
0
7
17
8
22
12
14
0
13
6
20
2
9
21
13
0
13
16
19
21
13
19
15
13
15
24
18
17
4
9
21
11
7
21
18
10
22
19
10
22
20
0
14
21
6
1
4
22
21
6
12
2
12
0
5
20
1
11
5
9
22
18
20
2
9
20
22
4
21
9
18
19
16
0
3
10
7
6
14
19
6
11
16
2
16
21
2
8
14
9
19
16
11
4
5
5
11
19
13
14
24
20
24
4
3
12
5
20
13
22
9
11
14
12
8
2
23
23
12
9
4
6
22
21
13
3
21
3
11
3
0
8
20
11
17
2
19
6
24
12
23
22
4
22
17
8
13
12
24
14
19
16
3
20
10
13
12
9
14
14
13
11
6
6
19
19
15
3
1
4
18
7
18
15
9
20
18
19
14
9
2
2
9
5
22
24
16
2
4
6
17
17
21
24
3
10
16
0
2
9
20
21
13
15
16
18
13
15
10
8
17
21
13
19
18
16
10
8
2
14
21
12
4
22
13
5
9
6
16
6
22
22
2
20
13
0
17
7
23
11
13
21
5
24
1
15
22
19
10
22
22
23
18
19
12
8
21
2
12
23
4
7
0
3
6
18
7
21
1
9
5
19
23
22
11
19
14
22
18
24
2
22
2
6
11
21
7
2
17
1
8
5
17
4
0
4
1
24
9
9
10
16
15
22
15
18
6
16
7
7
1
12
0
24
17
12
18
2
20
10
10
18
5
5
22
21
13
4
11
9
3
23
7
11
23
22
21
8
20
20
19
5
16
12
8
18
6
7
18
20
23
6
15
8
6
16
23
23
18
9
2
8
23
11
16
20
7
20
5
20
6
2
17
2
11
15
3
6
15
1
4
3
6
3
12
1
22
9
8
24
14
4
15
3
13
7
3
0
23
0
23
2
6
4
8
10
9
13
1
0
18
11
24
5
11
23
7
21
15
22
12
19
19
10
19
9
14
0
22
8
23
22
10
13
0
16
20
12
22
1
9
5
5
23
23
10
2
10
1
10
4
7
6
2
10
23
1
19
15
22
6
22
23
17
6
7
6
19
4
23
8
10
24
24
12
15
3
23
6
16
12
11
19
17
19
11
14
12
10
10
24
4
10
22
4
17
3
14
2
6
24
0
1
11
22
6
20
11
19
15
24
20
7
23
15
8
16
7
9
23
8
19
12
2
5
4
15
17
11
4
2
3
1
10
3
16
23
12
1
12
6
1
9
4
15
7
18
13
11
9
1
7
2
9
18
14
14
16
22
13
12
10
19
8
11
9
4
21
12
1
2
18
13
23
14
9
19
19
3
10
3
11
12
14
10
16
4
17
18
15
10
3
20
7
7
3
20
22
9
18
21
11
4
16
13
12
6
2
4
9
22
5
24
3
1
13
24
23
1
2
24
13
1
12
18
17
9
20
16
5
18
22
15
1
18
18
7
13
3
16
15
16
21
18
20
23
6
20
19
16
0
17
19
23
24
6
10
3
12
1
9
14
0
0
3
1
10
11
13
8
4
1
17
23
10
23
7
22
5
5
5
0
11
20
15
18
8
5
15
13
4
21
2
6
1
11
18
16
3
3
13
24
7
9
15
2
14
23
15
22
0
6
16
20
14
6
19
10
24
9
9
9
23
12
1
22
7
17
14
10
21
18
5
1
6
7
0
20
4
3
8
20
11
5
8
7
8
23
21
2
14
22
9
0
23
23
22
22
23
17
7
23
0
2
9
11
17
18
10
0
13
18
13
14
23
24
3
15
1
15
18
1
18
18
22
10
7
4
17
4
9
16
15
19
18
2
6
6
19
23
10
19
5
10
2
11
18
12
5
9
17
18
21
12
17
2
24
18
12
13
16
8
8
23
2
18
1
10
11
9
13
21
15
0
1
2
12
21
11
9
7
8
2
24
11
7
21
12
13
17
2
0
16
20
19
9
14
1
5
10
0
21
0
13
15
2
14
10
15
2
17
18
12
11
19
9
14
8
4
20
6
21
15
7
15
9
4
15
6
7
15
5
12
20
7
1
2
21
6
23
20
15
1
6
11
8
12
11
16
0
23
16
5
3
16
20
5
23
6
22
16
4
19
0
21
12
22
8
7
20
18
20
10
7
7
11
11
13
18
21
23
21
20
3
1
21
12
20
0
12
17
1
10
16
11
22
2
16
11
14
22
19
14
0
5
2
20
12
3
15
16
22
24
10
2
18
11
14
13
7
14
13
8
16
7
12
4
12
7
0
14
20
21
7
14
3
10
2
10
19
6
24
4
22
1
14
7
11
12
18
11
11
2
10
9
13
23
20
2
4
2
6
0
14
16
24
11
2
22
10
3
4
13
4
9
23
10
24
19
1
16
1
6
0
1
3
1
11
3
4
21
13
1
22
3
22
20
11
15
16
6
18
15
9
5
17
0
22
7
16
23
1
22
13
16
9
7
10
11
1
1
12
21
21
16
18
9
21
13
0
3
12
21
20
10
8
8
9
13
18
8
3
8
7
0
9
22
7
5
23
14
6
6
17
19
0
6
12
7
18
21
6
2
8
9
16
19
9
20
20
0
21
11
11
7
7
4
15
14
11
8
21
17
10
1
5
7
17
10
11
16
0
15
3
4
8
1
5
14
0
3
9
17
24
14
17
17
14
21
11
22
23
0
12
21
6
8
2
0
16
14
16
23
12
2
4
9
20
2
6
15
10
23
24
11
2
24
18
21
8
21
6
24
2
13
12
21
21
7
24
20
11
17
6
17
6
18
21
3
5
8
13
23
24
10
14
18
18
16
2
24
8
17
15
15
10
3
22
4
17
19
15
7
5
11
0
21
12
1
12
16
4
24
3
15
5
1
15
18
11
2
4
13
2
6
20
5
4
19
22
12
7
13
11
12
20
14
3
12
4
24
3
7
3
21
3
17
19
19
23
14
12
0
20
5
6
12
5
23
13
20
7
2
18
24
18
21
4
6
9
11
0
2
19
15
22
19
12
9
19
5
14
2
23
22
19
17
6
16
8
3
23
21
21
17
22
0
12
15
0
3
9
23
20
15
23
4
15
2
5
14
13
4
11
18
21
1
23
1
3
16
21
1
13
7
7
18
10
6
1
1
17
7
4
8
1
5
6
2
21
17
14
11
5
10
10
9
19
15
7
8
22
13
22
16
0
12
22
13
7
13
14
10
4
14
2
10
14
8
15
8
5
0
4
15
1
21
14
2
15
7
11
5
19
10
21
24
19
21
7
20
14
7
6
21
14
4
21
21
13
13
6
19
24
13
4
0
15
16
20
10
8
16
12
3
20
13
0
9
3
13
12
18
6
19
2
15
19
8
18
14
24
9
7
0
22
8
2
18
11
20
14
12
14
14
17
9
22
17
18
9
22
24
0
23
15
0
19
16
3
17
8
0
24
7
13
20
13
22
18
10
23
0
23
23
21
21
20
22
24
19
23
8
5
3
14
15
16
8
22
5
21
8
6
22
17
19
7
16
15
11
3
10
7
15
22
10
12
7
15
17
5
15
12
0
13
11
19
13
17
24
4
23
3
9
7
23
9
24
20
11
17
5
3
22
0
24
23
2
13
15
13
6
20
0
6
14
1
20
0
10
12
23
12
0
22
24
16
7
12
7
13
17
5
23
22
8
9
21
18
15
0
8
11
11
24
7
2
15
5
17
24
9
8
8
10
20
15
6
17
14
9
13
0
18
14
24
21
6
8
11
7
4
10
0
6
9
22
17
4
21
13
19
21
1
15
14
18
10
12
13
12
22
0
22
21
5
15
7
21
1
15
3
6
19
12
12
22
21
6
7
20
9
13
17
11
6
12
4
12
20
21
4
3
10
22
15
22
2
5
22
11
11
0
24
7
3
4
23
9
14
21
3
0
5
5
24
22
21
20
15
0
24
14
2
0
18
16
15
16
13
9
11
17
17
1
4
1
5
24
9
14
11
14
14
18
18
15
9
0
18
11
12
14
11
7
1
7
0
4
13
4
4
7
2
23
8
18
23
6
13
4
9
12
24
11
19
9
19
12
6
23
5
15
24
18
1
3
21
20
3
17
22
23
21
21
18
22
10
18
6
18
11
0
21
14
1
1
18
3
20
12
12
17
15
16
12
15
22
10
22
5
21
15
14
4
5
6
5
5
7
15
14
5
21
6
10
15
2
7
6
23
7
9
11
7
2
2
11
18
13
2
3
4
16
24
15
3
24
0
3
23
9
13
0
24
23
18
20
15
5
2
6
18
10
16
3
3
18
17
17
17
15
17
24
23
17
20
2
2
24
2
13
12
19
1
7
1
9
17
14
21
18
19
12
13
22
8
19
5
22
1
15
15
12
9
18
8
17
24
10
4
24
8
7
20
4
4
19
7
17
15
20
16
23
9
10
7
8
2
14
5
16
4
0
8
4
9
1
16
14
6
17
13
6
4
5
16
3
19
18
2
20
3
17
16
7
4
3
17
14
10
17
5
21
16
1
7
17
15
22
3
24
13
15
24
19
16
22
10
13
1
20
3
24
9
18
5
9
20
19
1
7
6
13
4
2
15
3
3
14
12
11
8
5
10
8
17
12
10
10
18
4
15
24
11
20
9
11
5
17
7
6
0
1
22
6
11
24
12
15
7
12
5
13
4
9
23
15
1
21
5
15
23
24
5
8
14
21
23
8
20
8
9
0
22
10
22
10
7
22
10
8
22
8
21
6
22
19
14
13
1
15
20
9
5
21
11
14
9
22
12
3
23
24
11
24
16
8
10
4
6
14
10
13
2
8
6
13
11
13
16
23
16
23
13
9
8
12
2
14
13
0
10
4
8
4
2
6
23
22
22
8
2
11
15
24
6
18
18
11
22
13
19
14
14
13
17
19
13
22
3
23
19
19
12
2
19
21
13
7
14
6
17
1
12
20
13
11
19
9
6
14
13
13
12
8
6
11
3
12
15
7
17
6
4
8
19
21
11
5
21
5
23
19
8
9
20
11
0
10
23
19
21
5
17
12
15
14
3
19
12
15
10
11
12
6
13
7
10
20
18
13
18
10
2
10
15
11
23
13
0
20
3
6
5
15
5
10
4
0
1
14
17
21
8
4
7
11
10
11
1
5
1
15
9
8
16
12
8
16
19
14
22
8
5
15
12
18
24
0
7
14
0
8
14
15
7
21
23
20
23
22
4
23
4
4
13
20
6
13
24
3
16
21
23
19
7
18
12
21
18
0
14
18
6
11
20
0
23
13
8
22
7
13
24
8
15
20
1
24
4
14
22
14
24
24
0
18
10
12
2
20
3
13
10
23
7
2
6
6
21
2
18
1
2
11
9
14
8
18
12
11
4
8
12
4
11
19
11
13
1
5
17
0
4
15
7
4
14
4
0
8
7
19
11
1
8
0
3
22
17
8
24
12
13
6
22
22
4
4
12
7
4
1
7
14
16
5
0
5
3
17
15
22
3
16
16
19
7
18
10
11
15
13
9
21
12
2
16
1
7
21
11
10
6
16
12
10
0
9
21
17
14
6
12
7
23
0
9
8
24
24
15
5
3
12
18
10
22
6
22
24
15
14
18
6
22
6
23
0
14
14
8
14
7
24
13
1
8
1
0
7
13
5
4
0
24
21
21
10
20
6
15
0
18
0
13
1
5
22
19
2
12
7
13
21
2
9
4
11
15
20
18
6
2
2
2
8
17
20
8
17
1
6
4
20
5
1
7
22
3
22
19
21
20
2
17
17
15
20
11
11
20
13
11
15
19
14
2
15
14
18
14
10
2
4
5
23
4
22
24
12
3
15
6
2
22
15
1
11
16
0
14
18
14
20
23
14
3
3
17
9
9
22
5
19
23
17
15
8
1
20
21
10
3
9
14
22
17
1
17
5
5
18
10
6
19
18
1
11
12
13
24
13
21
13
21
5
23
20
19
17
13
20
13
10
14
20
15
12
1
17
22
14
23
2
16
14
0
8
8
8
20
16
23
13
19
1
23
17
20
9
9
11
20
22
1
5
1
6
21
3
6
23
17
14
0
12
20
2
14
8
24
16
22
11
24
10
3
14
20
9
3
5
0
8
7
6
10
6
18
13
6
15
20
10
18
22
0
15
20
24
14
2
19
8
9
14
13
8
13
20
7
9
21
3
5
6
2
22
9
1
11
23
22
18
15
8
2
10
4
20
12
11
5
18
14
1
13
21
8
3
0
23
4
23
2
9
23
1
6
12
6
9
21
12
8
5
6
2
18
19
23
10
18
18
14
18
19
22
23
2
9
15
20
21
4
18
11
9
0
3
23
13
6
4
18
9
16
13
12
8
24
14
12
23
11
15
12
14
5
22
15
6
14
5
17
21
3
12
3
17
22
13
20
11
21
5
20
18
13
14
7
24
6
10
0
16
6
17
15
17
7
7
2
23
11
23
12
7
9
20
17
1
21
1
1
11
17
13
13
15
14
21
15
12
5
10
18
11
23
20
20
17
6
18
8
19
3
18
13
15
9
7
22
21
6
24
5
3
6
11
8
7
1
16
24
22
21
24
9
17
10
16
20
18
18
20
3
10
17
14
20
17
14
22
18
22
0
13
12
18
8
19
0
16
15
22
24
5
5
19
1
19
3
15
4
10
19
21
11
17
11
15
5
4
20
12
21
5
12
6
5
9
10
3
11
23
13
10
24
0
1
21
3
13
6
21
7
13
17
23
13
21
22
17
17
12
7
19
4
9
15
23
19
16
9
15
11
21
0
18
9
14
22
7
12
24
10
20
21
11
17
5
14
6
17
20
9
17
16
7
16
19
0
7
8
12
11
21
24
16
21
16
20
12
10
18
0
13
16
19
14
12
2
10
9
5
18
12
2
19
16
20
12
7
19
14
11
7
12
22
13
18
8
14
20
20
17
12
8
6
19
18
20
14
14
17
14
4
21
11
23
6
7
24
12
12
2
21
7
0
7
22
20
9
5
12
12
24
7
17
17
6
11
14
24
7
22
13
17
24
11
12
11
21
10
2
13
10
10
22
13
4
13
16
18
16
7
22
21
6
4
22
10
17
4
9
20
1
12
6
24
12
13
20
12
14
3
7
15
6
18
1
9
5
14
12
11
18
21
8
20
11
23
14
3
19
3
2
2
13
0
7
23
14
0
10
2
24
22
18
18
0
4
15
19
0
18
11
21
8
17
15
1
18
8
8
17
24
6
12
7
12
2
3
12
0
24
19
18
15
12
10
14
8
16
5
24
20
18
18
7
14
2
1
16
19
3
22
1
16
20
3
0
13
10
8
8
2
19
18
16
23
17
20
18
19
5
19
5
5
11
8
7
18
7
3
9
6
3
21
14
21
3
22
6
12
6
20
7
1
19
19
19
5
15
4
20
2
2
7
20
16
19
24
1
17
3
5
16
9
9
4
9
10
6
12
24
20
20
9
8
1
15
10
11
21
20
17
13
4
9
4
10
18
0
6
13
10
20
16
13
20
18
4
7
2
12
10
2
6
5
12
11
5
22
23
18
20
11
5
24
17
19
19
12
8
4
23
8
13
2
3
6
22
15
23
13
6
15
2
14
20
15
6
0
24
17
8
22
15
12
1
4
10
20
4
2
12
20
22
11
12
16
5
12
23
2
14
8
18
13
5
20
3
10
22
8
19
17
11
0
1
16
3
5
15
22
2
22
22
21
18
18
17
18
4
13
22
3
2
24
18
9
8
6
15
23
0
10
23
9
11
24
18
1
5
0
20
1
4
9
6
0
3
23
1
0
24
21
8
2
5
22
5
15
22
9
12
7
17
1
16
13
13
17
9
12
16
21
13
20
13
10
11
1
3
15
17
15
18
4
11
15
21
11
9
9
2
18
12
10
4
2
10
3
19
12
21
20
3
0
17
24
12
2
5
15
24
24
24
16
4
5
14
11
6
6
14
8
14
8
6
10
12
22
19
1
13
24
22
16
19
13
19
4
15
15
21
4
19
3
16
18
12
6
19
22
0
14
7
13
21
8
16
4
20
7
22
13
16
17
13
3
15
10
20
9
20
13
12
6
21
9
12
22
11
14
19
9
22
3
11
14
5
22
14
4
5
14
23
17
8
15
18
6
24
20
1
17
1
10
8
21
3
24
22
16
15
8
1
24
3
2
24
24
24
10
21
15
19
17
8
2
22
11
21
3
12
22
7
9
0
12
2
5
18
24
23
10
0
18
6
19
19
4
14
1
16
18
11
19
22
21
10
22
6
8
0
17
4
10
4
3
1
18
3
17
22
12
14
4
20
4
21
21
15
7
20
16
20
23
0
11
19
10
4
2
0
21
0
17
19
2
24
21
14
23
7
4
5
2
6
7
15
21
2
0
23
6
10
13
19
1
12
2
4
19
13
23
10
3
6
15
6
19
12
3
11
14
7
6
24
9
10
14
13
20
0
10
22
15
19
14
20
12
0
14
14
18
15
17
4
11
2
9
19
2
6
15
18
5
10
6
19
0
18
18
23
16
22
20
23
1
22
15
15
4
9
19
7
3
10
18
17
19
4
18
19
8
22
4
18
18
3
24
15
20
6
2
3
5
1
12
15
19
5
10
18
4
4
23
4
10
14
16
14
20
13
7
7
14
20
9
9
13
12
23
22
6
20
6
14
22
11
4
7
6
2
16
16
21
19
20
6
22
16
21
2
5
6
19
13
24
4
11
10
2
1
23
20
0
22
7
1
15
1
14
18
8
7
15
20
16
1
11
22
24
5
6
11
22
2
2
18
12
1
7
13
13
22
19
4
2
12
5
7
20
6
9
6
4
19
16
23
19
19
19
1
16
20
9
17
22
13
9
9
13
20
20
0
23
2
1
4
16
12
13
22
21
7
19
18
1
19
6
21
16
0
24
16
7
13
9
9
6
4
17
9
8
21
8
6
8
24
14
14
22
1
2
3
13
8
18
7
22
2
4
3
22
18
12
17
21
7
19
24
6
2
2
17
1
14
16
5
12
13
17
4
5
11
5
15
23
16
22
18
9
17
22
10
11
22
2
0
22
3
3
4
20
18
7
8
14
9
21
1
8
20
2
11
13
22
3
13
11
21
13
0
24
8
6
17
23
16
2
15
9
21
23
20
4
20
3
6
6
6
19
5
7
21
18
10
8
23
12
18
5
15
0
19
17
22
12
0
5
18
2
7
8
22
1
10
23
17
11
22
1
10
14
18
8
17
0
21
23
22
9
15
14
16
2
11
15
10
8
5
13
4
20
10
23
8
24
20
4
24
8
14
23
5
11
16
14
23
9
17
9
14
6
12
0
17
19
16
23
21
11
4
10
8
24
23
18
11
19
5
24
23
14
14
10
8
16
20
0
24
22
15
5
8
12
5
1
1
10
6
4
18
3
6
1
0
23
12
8
4
1
8
2
0
4
0
10
5
0
21
15
3
5
1
18
4
24
22
21
4
23
12
18
6
6
19
4
0
3
9
1
1
2
18
19
15
7
9
11
15
8
12
11
13
23
10
8
10
20
1
13
13
9
17
14
15
12
22
16
17
20
21
1
7
12
17
6
1
11
23
23
20
4
1
8
16
24
6
5
6
18
23
2
19
14
15
3
13
16
23
20
2
10
13
15
4
20
0
22
0
24
19
16
12
1
1
10
16
3
3
7
22
3
0
12
4
8
22
16
2
11
13
20
3
14
10
14
15
14
8
1
17
11
19
23
7
14
10
11
9
10
12
11
19
24
20
0
5
17
18
17
18
10
10
4
21
0
15
8
2
14
9
1
3
22
0
11
13
5
16
19
10
23
19
20
22
13
2
19
12
7
0
17
14
0
5
19
9
3
1
18
17
9
22
7
13
17
8
17
3
23
8
2
10
11
23
11
19
13
24
13
24
10
7
2
0
5
15
24
20
8
13
8
13
23
11
17
8
1
5
15
14
6
21
23
16
5
22
10
8
12
18
22
3
17
12
14
12
1
19
22
7
3
24
4
9
19
14
12
22
20
22
12
17
18
12
1
21
19
18
19
3
11
9
10
22
18
10
12
11
15
21
6
17
23
24
6
11
3
8
3
1
1
15
22
1
9
14
6
7
8
13
2
20
18
23
11
9
7
22
14
21
7
0
2
2
19
16
20
15
10
0
11
12
13
8
5
0
9
0
8
6
24
2
2
24
0
14
19
23
10
0
22
13
1
10
22
22
10
13
14
16
0
22
4
12
24
13
4
21
12
4
11
7
19
10
14
1
23
8
17
21
3
11
7
1
5
18
4
0
19
1
5
23
8
15
15
0
17
7
16
6
23
17
11
12
8
14
14
15
11
21
10
17
24
7
15
20
11
18
21
7
8
22
5
7
0
16
12
1
11
17
23
22
6
22
23
3
8
3
19
19
22
11
16
7
10
24
14
9
21
2
9
4
5
21
23
3
7
19
9
23
20
9
22
12
24
3
22
7
19
5
6
0
0
12
8
0
14
13
15
21
11
15
16
19
1
23
19
18
23
5
23
7
9
8
18
21
20
17
8
11
20
10
5
3
9
20
18
0
9
0
10
20
21
14
15
23
13
13
23
0
6
20
17
24
10
5
20
9
18
19
11
0
17
15
10
12
22
20
23
23
19
9
24
10
3
8
19
22
19
0
24
3
1
8
24
9
22
9
16
17
20
16
20
20
0
2
10
14
20
4
3
18
7
5
18
14
5
6
1
19
9
13
1
24
14
7
5
22
14
19
10
16
19
6
19
3
1
2
4
12
22
10
17
0
17
2
7
14
0
19
1
16
7
24
2
2
20
22
4
19
8
13
11
11
6
23
12
9
16
8
5
7
14
10
2
3
6
3
17
21
9
22
9
20
11
10
10
16
20
3
22
2
0
7
5
1
24
10
15
0
2
24
14
0
17
6
9
3
19
14
24
1
20
16
4
1
2
10
11
5
20
8
12
24
3
12
7
21
10
3
22
10
6
21
9
3
11
3
13
13
6
20
23
9
23
4
5
13
15
1
20
18
17
20
10
7
2
18
19
17
13
14
8
12
6
16
8
11
11
22
12
7
16
14
22
0
15
15
22
18
24
19
15
24
19
18
20
3
15
1
23
23
19
6
7
1
0
23
20
24
24
10
5
13
22
13
4
3
19
18
16
12
14
18
24
7
21
10
9
3
10
16
24
23
15
12
6
16
6
17
23
5
21
14
20
23
3
21
12
19
10
9
15
17
6
12
23
5
9
19
5
15
0
10
5
18
22
23
4
22
19
19
1
15
0
4
8
18
8
7
15
3
17
11
12
21
22
10
7
19
23
22
24
0
24
12
10
23
16
20
2
9
20
2
7
8
24
9
12
22
1
8
10
6
9
24
18
0
13
5
0
20
3
3
11
19
8
3
11
22
7
18
16
18
21
11
16
6
21
5
20
9
9
18
3
19
14
13
21
1
21
18
21
13
10
4
5
10
3
18
24
6
20
21
9
1
14
9
0
4
6
11
20
23
6
5
20
22
14
20
1
6
14
22
24
9
10
13
11
15
8
8
20
11
10
0
19
5
1
6
16
8
24
13
19
22
3
10
0
19
3
16
6
16
10
6
3
8
11
7
8
22
3
0
2
18
6
5
21
3
5
19
21
1
7
3
9
9
11
5
20
1
21
