207
numero,punto critico,[manzanas]
1,414  3  12  24,[407  2  10  16, 415  4  12  11, 412  2  11  10, 416  4  11  9, 418  3  10  9, 413  3  11  8, 411  2  12  2, 458  5  12  1]
2,424  2  13  24,[423  2  14  12, 421  1  13  2]
3,445  7  15  24,[450  7  14  18, 441  5  15  13, 442  5  16  8, 444  6  15  8, 440  6  13  6, 657  7  17  6, 446  7  16  4, 439  6  14  2, 443  6  16  2, 449  7  13  2]
4,469  9  9  24,[470  9  10  4]
5,475  10  12  24,[474  9  12  12, 487  10  14  11, 488  10  13  4]
6,478  11  12  24,[482  11  10  19, 497  11  13  19, 477  11  11  17, 480  12  11  16, 483  12  10  15, 479  12  12  12, 498  11  14  2]
7,485  9  13  24,[452  8  13  14, 486  9  14  14]
8,501  13  13  24,[523  14  12  19, 522  13  12  18, 513  15  13  15, 516  16  13  14, 521  13  11  14, 500  12  13  11, 526  15  12  9, 504  14  13  4]
9,506  13  16  24,[495  12  16  14, 837  13  17  6, 494  11  16  4, 804  12  17  4]
10,537  9  3  24,[397  7  3  17, 400  8  3  17, 534  9  2  16]
11,540  10  3  24,[539  10  4  18, 552  10  5  5]
12,598  1  18  24,[602  1  20  15, 613  1  21  7, 614  1  22  7, 601  1  19  5, 597  1  17  2]
13,699  6  32  24,[700  6  31  16, 702  7  32  10, 701  7  31  4]
14,727  10  26  24,[723  8  26  18, 722  7  26  16, 732  10  27  9, 738  11  26  7, 726  9  26  6, 729  9  27  1, 733  11  27  1]
15,773  13  25  24,[777  13  27  18, 774  13  26  13, 826  13  24  6, 825  13  23  1]
16,811  10  24  24,[812  10  23  18, 639  8  24  17, 638  7  24  8, 810  9  24  1]
17,814  11  24  24,[737  11  25  13, 815  12  24  5]
18,846  15  20  24,[857  17  19  17, 845  15  19  16, 833  15  21  14, 848  16  19  13, 847  16  20  10, 850  15  18  9, 851  16  18  7, 834  15  22  5]
19,881  19  21  24,[872  18  21  9]
20,884  20  21  24,[885  21  21  15, 864  20  19  8, 863  20  20  6]
21,896  24  23  24,[899  24  22  18, 893  23  23  16, 1066  25  24  14, 895  24  24  13, 892  22  23  12, 1065  25  23  11, 1062  25  22  10, 894  23  24  6, 900  24  21  3, 898  23  22  2]
22,907  22  20  24,[897  23  21  18, 887  22  22  16, 910  23  20  16, 905  21  19  15, 908  22  19  15, 888  22  21  10, 911  24  20  7, 906  21  20  2]
23,916  24  17  24,[912  24  19  19, 915  24  18  16, 1045  25  17  13, 913  23  17  6]
24,933  17  29  24,[772  16  29  19, 926  19  28  19, 945  19  29  13, 922  17  28  12, 936  18  29  10, 934  17  30  7, 769  15  29  6, 935  18  30  5]
25,954  21  32  24,[942  19  32  17, 956  22  31  12, 944  20  31  10, 939  18  32  9, 953  21  31  9, 958  23  32  9, 941  19  31  5]
26,968  22  25  24,[891  22  24  19, 967  22  26  17, 977  23  25  3]
27,987  26  28  24,[986  25  28  13, 1000  26  29  11, 988  26  27  9, 985  25  27  6]
28,1027  32  30  24,[1026  31  30  4, 1015  30  30  1]
29,1028  32  29  24,[1025  31  29  10, 1039  32  28  9]
30,1029  29  25  24,[993  27  25  17, 1033  29  27  16, 1030  29  26  12, 1070  27  24  12, 1081  29  23  11, 1032  30  25  8, 996  28  25  7, 995  28  26  4, 1082  29  24  3, 1041  31  25  2]
31,1144  22  5  24,[1156  24  5  16, 1141  21  5  9, 1162  21  4  9, 1154  23  6  5, 1143  22  6  3, 1166  23  4  3, 1148  22  7  2, 1163  22  4  2]
32,1158  21  2  24,[1161  21  3  19, 1160  22  1  18, 1120  20  3  12, 1157  21  1  11, 1159  22  2  6, 1123  20  2  4, 1170  23  2  3]
33,1176  18  9  24,[532  16  9  19, 1131  18  8  17, 1173  17  9  12, 1130  17  8  10, 1174  17  10  9, 531  16  10  4]
34,1183  20  12  24,[1184  20  11  18, 1226  21  12  17]
35,1194  17  16  24,[1193  17  15  17, 511  16  16  15, 852  16  17  9, 853  17  17  9, 515  16  14  8, 854  17  18  7, 512  16  15  4]
36,1225  21  11  24,[1221  21  9  7, 1228  22  11  6, 1222  21  10  3, 1229  23  11  2, 1223  22  10  1]
37,1227  22  12  24,[1217  23  13  13, 1207  22  14  8, 1230  23  12  8, 1231  24  12  5, 1208  22  13  1]
38,1254  25  14  24,[1256  26  13  17, 1218  23  14  14, 1242  25  12  14, 1220  24  13  13, 1241  25  11  12, 1253  25  13  12, 1260  26  15  8, 1255  26  14  7, 1219  24  14  6, 1257  25  15  6]
39,1323  26  8  24,[1327  28  8  18, 1252  28  9  17, 1324  26  7  16, 1240  26  9  15, 1326  27  8  13, 1319  26  6  9, 1325  27  7  6, 1322  25  8  3, 1249  27  9  1]
40,359  2  6  23,[362  1  8  17, 408  2  9  16, 358  1  6  12, 370  3  6  10, 363  2  8  8, 365  3  7  3]
41,448  8  15  23,[489  9  15  8, 490  9  16  8, 492  10  15  5, 447  8  16  2]
42,454  5  10  23,[419  4  10  18, 455  6  10  11, 453  5  9  8, 456  6  9  5, 457  5  11  2]
43,502  13  14  23,[514  15  14  9, 503  14  14  4, 499  12  14  2]
44,505  13  15  23,[496  12  15  19, 493  11  15  13, 508  14  15  4, 509  15  15  3]
45,520  14  9  23,[525  15  11  16, 524  14  11  13, 518  13  10  10, 517  13  9  9, 529  15  9  7, 484  12  9  4, 519  14  10  3, 530  15  10  3]
46,543  12  4  23,[563  12  6  19, 544  12  3  18, 564  12  5  17, 562  11  6  16, 542  11  4  12, 547  12  2  10, 560  12  7  10, 561  11  5  3, 548  12  1  1]
47,554  9  8  23,[382  7  8  16, 383  8  8  12, 555  10  8  12, 558  11  8  7]
48,599  2  18  23,[600  2  17  18, 610  3  18  17, 612  4  17  12, 611  4  18  11, 427  2  16  5, 609  3  17  2]
49,666  1  28  23,[667  2  28  19, 678  1  30  19, 679  2  30  18, 689  3  29  14, 681  1  31  11, 682  1  32  11, 670  3  28  10, 677  1  29  8, 680  2  29  7, 684  2  31  2]
50,676  4  25  23,[721  7  25  19, 709  5  25  18, 623  4  24  17, 622  3  24  16, 664  2  25  16, 619  2  24  15, 674  3  26  15, 675  4  26  14, 712  6  25  5, 673  3  25  3]
51,694  5  30  23,[685  3  31  17, 695  6  30  14, 690  3  30  13, 691  4  30  9, 688  4  31  3, 697  5  31  2, 692  4  29  1, 693  5  29  1]
52,775  14  26  23,[787  16  26  17, 780  14  27  16, 786  15  26  16, 781  15  27  10, 779  14  28  7]
53,783  16  28  23,[784  16  27  6]
54,785  15  25  23,[829  15  23  17, 917  17  25  15, 830  15  24  9, 788  16  25  1]
55,790  9  18  23,[793  9  19  16, 789  9  17  6]
56,831  16  24  23,[832  16  23  14, 874  17  24  8]
57,875  18  24  23,[878  19  24  15, 876  18  23  9, 879  20  24  6, 920  18  25  6, 919  18  26  2]
58,883  20  22  23,[886  21  22  18, 880  20  23  6]
59,914  23  18  23,[909  23  19  7]
60,1002  25  32  23,[998  25  30  18, 959  24  32  17, 1006  27  32  15, 1004  26  31  14, 1003  26  32  12, 1001  25  31  8]
61,1010  27  30  23,[1005  27  31  18, 999  26  30  16, 1009  27  29  12, 1011  28  30  12, 1014  29  30  7, 1012  28  29  3]
62,1046  25  18  23,[1047  26  18  19, 1058  27  18  17, 1049  25  19  15, 1052  26  19  11, 1050  25  20  9]
63,1100  30  19  23,[1080  30  21  11, 1099  30  20  9, 1101  31  19  6]
64,1115  18  4  23,[1118  19  4  14, 1119  20  4  14, 1114  17  4  7, 1113  17  3  6, 1116  18  3  5]
65,1135  20  8  23,[1133  19  7  19, 1147  22  8  19, 1145  21  7  18, 1134  19  8  9, 1188  20  9  7, 1146  21  8  1]
66,1139  20  6  23,[1140  20  5  15, 1138  19  6  14, 1142  21  6  13]
67,1164  22  3  23,[1165  23  3  5]
68,1195  18  16  23,[1198  19  16  15]
69,1267  28  14  23,[1264  28  15  13, 1273  29  15  11, 1263  28  16  10, 1270  29  14  8, 1269  29  13  3, 1271  30  14  2]
70,1279  32  16  23,[1107  32  18  19, 1275  30  16  19, 1280  32  15  18, 1105  31  17  15, 1108  32  17  8, 1278  31  16  3]
71,1291  30  12  23,[1293  31  11  19, 1298  31  10  16, 1272  30  13  15, 1290  29  12  15, 1289  29  11  12, 1292  30  11  10, 1288  30  9  9, 1297  31  9  9, 1286  29  10  8, 1287  30  10  6, 1294  31  12  3]
72,1331  28  6  23,[1328  28  7  12, 1332  28  5  7, 1329  27  5  5, 1330  27  6  3, 1312  28  3  2, 1311  28  4  1]
73,360  2  5  22,[357  1  5  10, 347  2  4  4, 350  3  4  3, 369  3  5  1]
74,410  1  12  22,[405  1  9  19, 409  1  11  15, 406  1  10  9]
75,429  3  15  22,[431  4  16  8, 430  3  16  6, 428  2  15  2, 432  4  15  2, 434  3  14  1]
76,461  7  11  22,[459  6  12  19, 466  7  10  19, 464  8  11  11, 462  7  12  9, 460  6  11  2]
77,467  8  10  22,[]
78,507  14  16  22,[510  15  16  17]
79,541  11  3  22,[546  11  2  11, 545  11  1  5]
80,580  16  5  22,[578  15  6  8, 576  16  7  7, 1125  17  5  5, 579  16  6  4, 591  16  4  4, 568  14  5  1]
81,586  13  4  22,[582  13  2  10, 585  13  3  7, 581  13  1  5, 566  13  6  2, 565  13  5  1]
82,589  15  3  22,[590  15  4  12, 588  14  3  8]
83,628  4  21  22,[616  2  21  18, 632  6  21  18, 615  2  22  15, 625  3  21  15, 629  5  21  6, 627  4  22  5, 626  3  22  4]
84,649  5  19  22,[645  5  17  18, 646  5  18  18, 608  4  19  12, 650  5  20  12]
85,653  7  19  22,[654  7  20  19, 656  8  19  14, 658  7  18  11]
86,713  5  27  22,[714  5  28  18, 716  6  27  15, 710  5  26  14, 711  6  26  13, 669  3  27  11, 672  4  27  9, 671  4  28  8, 717  7  27  8]
87,744  10  29  22,[753  11  29  19, 741  9  29  17, 754  11  30  14, 742  9  30  9, 743  10  30  1]
88,768  16  31  22,[765  15  31  18, 938  17  32  15, 770  15  30  12, 767  16  32  6, 940  18  31  5, 771  16  30  1]
89,776  14  25  22,[827  14  24  14]
90,791  10  18  22,[796  10  19  16, 792  10  17  6, 491  10  16  5, 801  11  17  3, 802  11  18  3]
91,820  12  21  22,[817  11  21  14, 821  13  21  13, 798  11  20  12, 799  12  20  5, 808  10  21  1]
92,840  14  17  22,[849  15  17  14, 839  14  18  1]
93,843  14  20  22,[844  14  19  19, 842  13  20  17, 824  14  21  11, 823  14  22  4]
94,904  22  17  22,[868  20  17  19, 1210  21  16  12, 901  21  17  7, 1211  22  16  2, 1212  22  15  1]
95,929  19  25  22,[932  20  25  11, 931  20  26  8, 928  20  27  5, 930  19  26  3, 925  19  27  2]
96,962  23  30  22,[963  24  30  14, 951  22  30  9, 961  23  29  6, 957  23  31  2]
97,964  24  29  22,[975  24  28  17, 997  25  29  13]
98,965  21  25  22,[969  21  27  10, 966  21  26  7, 890  21  24  4]
99,971  22  28  22,[952  22  29  16, 974  23  28  16, 970  21  28  9, 972  22  27  6, 927  20  28  5]
100,979  24  26  22,[978  23  26  16, 976  24  27  12, 982  25  26  8]
101,1019  30  32  22,[1007  28  32  19, 1020  30  31  16, 1022  31  32  16]
102,1055  28  20  22,[1077  29  21  16, 1051  26  20  15, 1054  27  20  11, 1076  28  21  9, 1098  29  20  7]
103,1056  28  19  22,[1053  27  19  7, 1060  28  17  3, 1059  28  18  1]
104,1075  28  22  22,[1072  28  23  18, 1074  27  22  18, 1063  26  22  17, 1078  29  22  16, 1079  30  22  13, 1069  27  23  10]
105,1083  30  24  22,[1087  32  24  12, 1085  31  23  11, 1084  30  23  7, 1086  31  24  7]
106,1092  32  21  22,[1091  32  22  18, 1090  31  22  15, 1088  32  23  6, 1089  31  21  3]
107,1097  29  19  22,[]
108,1103  32  20  22,[1102  31  20  6, 1104  32  19  4]
109,1127  18  6  22,[1126  17  6  14, 1129  17  7  13]
110,1152  24  7  22,[1149  23  7  11, 1151  24  8  5, 1155  24  6  1]
111,1201  19  13  22,[1189  17  13  9, 1192  18  13  7]
112,1236  24  9  22,[1237  25  9  19, 1224  22  9  18, 1232  24  11  15, 1235  24  10  15, 1234  23  10  12, 1233  23  9  7]
113,1277  31  15  22,[1282  31  14  7]
114,1284  32  13  22,[1283  32  14  1]
115,1357  31  3  22,[1360  32  3  13, 1353  29  3  11, 1356  30  3  3]
116,342  1  2  21,[343  2  2  14, 341  1  1  13]
117,348  2  3  21,[349  3  3  1]
118,352  4  3  21,[391  6  2  18, 394  5  4  17, 355  4  2  13, 351  4  4  12, 396  6  3  9, 390  5  2  1, 393  5  3  1]
119,367  4  8  21,[368  4  7  15, 420  4  9  14, 417  3  9  13, 366  3  8  6]
120,371  4  6  21,[374  5  6  19, 372  4  5  7]
121,425  1  15  21,[422  1  14  1, 426  1  16  1]
122,433  3  13  21,[436  4  13  12, 437  5  13  5]
123,435  4  14  21,[438  5  14  16]
124,451  8  14  21,[]
125,472  10  9  21,[481  11  9  19]
126,476  10  11  21,[473  9  11  7]
127,535  10  2  21,[536  10  1  7]
128,571  14  8  21,[572  14  7  14, 575  16  8  12, 569  13  7  7, 559  12  8  6, 567  14  6  5, 573  15  7  5, 570  13  8  3]
129,594  15  2  21,[1110  17  2  18, 584  14  1  16, 596  16  1  15, 595  16  2  10, 583  14  2  5, 593  15  1  1]
130,604  2  19  21,[]
131,607  4  20  21,[]
132,655  8  20  21,[644  8  21  1]
133,659  8  18  21,[660  8  17  9]
134,696  6  29  21,[715  6  28  5]
135,703  8  32  21,[745  9  31  17, 746  9  32  14, 704  8  31  5]
136,705  7  29  21,[706  7  30  15, 718  7  28  10]
137,708  8  29  21,[707  8  30  9, 719  8  28  9, 720  8  27  4]
138,728  10  25  21,[724  8  25  5, 725  9  25  5]
139,731  10  28  21,[734  11  28  8, 730  9  28  5]
140,747  10  32  21,[748  10  31  9]
141,750  11  32  21,[752  12  31  11, 749  11  31  9, 751  12  32  8]
142,756  12  29  21,[757  13  29  13, 778  13  28  9, 755  12  30  7, 758  13  30  5, 735  12  28  3, 736  12  27  3, 760  14  29  1]
143,763  14  32  21,[759  14  30  15, 764  14  31  7, 762  13  32  3]
144,800  12  19  21,[803  12  18  17, 797  11  19  1]
145,813  11  23  21,[816  12  23  19, 818  11  22  5]
146,841  13  19  21,[]
147,903  22  18  21,[902  21  18  16, 867  20  18  14]
148,921  17  27  21,[918  17  26  14, 924  18  27  10]
149,950  21  30  21,[947  20  30  12, 946  19  30  9, 948  20  29  8, 949  21  29  6]
150,960  24  31  21,[]
151,983  26  26  21,[984  26  25  19, 1067  26  24  14, 994  27  26  4]
152,990  27  28  21,[991  28  28  18, 992  28  27  14, 989  27  27  7]
153,1024  32  31  21,[1023  32  32  15, 1021  31  31  8]
154,1031  30  26  21,[1042  31  26  11, 1036  30  27  4]
155,1048  26  17  21,[1259  26  16  8, 1262  27  16  2]
156,1095  30  18  21,[1106  31  18  7]
157,1121  19  1  21,[1124  20  1  12, 1112  18  1  2, 1109  17  1  1]
158,1122  19  2  21,[]
159,1182  19  12  21,[1179  18  12  13, 527  16  12  12, 1178  17  12  4]
160,1200  20  15  21,[1203  20  14  19, 1209  21  15  15, 1197  19  15  13, 1206  21  14  4]
161,1258  25  16  21,[]
162,1266  27  14  21,[1261  27  15  16, 1265  27  13  6]
163,1281  31  13  21,[]
164,1295  32  12  21,[1296  32  11  11, 1300  32  9  11, 1343  32  8  11, 1299  32  10  1]
165,1305  25  3  21,[1302  25  2  18, 1303  26  2  18, 1172  24  1  15, 1171  24  2  14, 1304  26  1  13, 1167  24  4  12, 1314  27  2  11, 1168  24  3  7, 1313  27  1  7, 1317  25  5  7, 1301  25  1  5, 1308  26  3  5, 1309  27  3  3, 1306  25  4  1]
166,1307  26  4  21,[1320  26  5  13, 1310  27  4  10]
167,1334  29  6  21,[1340  30  7  19, 1344  32  7  18, 1333  29  5  17, 1339  30  8  16, 1335  30  6  15, 1336  30  5  14, 1354  29  4  13, 1285  29  9  11, 1338  29  8  10, 1347  32  6  10, 1337  29  7  9, 1342  31  8  8, 1346  31  6  2]
168,1361  31  1  21,[1316  28  1  18, 1349  29  1  16, 1364  32  1  11, 1352  30  1  2]
169,345  1  3  20,[346  1  4  1]
170,353  3  1  20,[344  2  1  19, 354  3  2  9, 356  4  1  8, 389  5  1  1]
171,376  6  5  20,[373  5  5  18, 395  6  4  17, 386  7  6  11, 375  6  6  10, 388  8  5  10, 398  7  4  8, 385  7  5  7, 380  6  7  1]
172,378  5  8  20,[377  5  7  7, 379  6  8  6]
173,404  8  1  20,[401  7  1  17, 392  6  1  16, 403  8  2  15, 402  7  2  4, 533  9  1  1]
174,463  8  12  20,[]
175,468  8  9  20,[465  7  9  19]
176,538  9  4  20,[399  8  4  5, 549  9  5  4]
177,553  9  7  20,[550  9  6  19, 387  8  6  17, 384  8  7  16, 381  7  7  15, 557  11  7  14, 556  10  7  4, 551  10  6  2]
178,605  3  19  20,[]
179,633  5  23  20,[634  5  24  19, 636  6  23  17, 630  5  22  14, 617  1  23  12, 620  2  23  12, 621  3  23  12, 624  4  23  8, 635  6  24  7, 631  6  22  2, 637  7  23  1]
180,652  6  19  20,[647  6  18  15, 648  6  17  15, 651  6  20  11]
181,665  1  27  20,[668  2  27  16, 618  1  24  15, 661  1  25  9, 662  1  26  8, 663  2  26  4]
182,698  5  32  20,[686  3  32  9, 687  4  32  2, 683  2  32  1]
183,740  12  25  20,[739  12  26  12]
184,766  15  32  20,[]
185,794  9  20  20,[795  10  20  11, 805  9  21  6]
186,806  9  22  20,[807  10  22  17, 642  7  22  15, 643  8  22  12, 640  8  23  7, 809  9  23  2]
187,819  12  22  20,[822  13  22  5]
188,856  18  17  20,[860  18  19  14, 865  19  17  6, 855  18  18  3, 866  19  18  3]
189,862  19  20  20,[859  18  20  16, 861  19  19  2]
190,870  17  22  20,[835  16  22  17, 873  17  23  14, 869  17  21  9]
191,871  18  22  20,[]
192,882  19  22  20,[877  19  23  9]
193,980  24  25  20,[981  25  25  10]
194,1035  30  28  20,[1034  29  28  18, 1013  29  29  14, 1016  30  29  14, 1038  31  28  4]
195,1040  32  27  20,[1044  32  25  18, 1043  32  26  17]
196,1073  27  21  20,[1064  26  21  5, 1061  25  21  1]
197,1094  29  18  20,[1274  29  16  17, 1093  29  17  11]
198,1128  18  5  20,[1137  19  5  3]
199,1181  19  11  20,[1180  18  11  11, 528  16  11  10]
200,1186  19  10  20,[1187  20  10  12]
201,1196  18  15  20,[1191  18  14  14]
202,1204  20  13  20,[1205  21  13  15]
203,1215  24  16  20,[1216  24  15  18, 1214  23  16  9, 1213  23  15  8]
204,1246  27  12  20,[1248  28  11  12, 1245  27  11  11, 1247  28  12  6, 1251  28  10  5, 1244  26  11  4, 1243  26  12  1]
205,1321  25  7  20,[1318  25  6  18]
206,1358  31  4  20,[1355  30  4  13, 1359  32  4  4, 1348  32  5  2, 1345  31  5  1]
207,1362  31  2  20,[1350  29  2  16, 1363  32  2  9, 1315  28  2  8, 1351  30  2  7]
