12433
3154
3168
2932
3179
777
734
837
806
830
800
606
932
734
780
716
702
740
854
799
786
206
179
207
185
213
172
201
148
283
177
179
198
208
190
189
219
181
204
242
203
191
212
197
200
163
157
125
161
255
220
175
282
189
163
199
183
249
177
201
153
226
163
205
122
202
203
170
127
248
170
157
165
211
228
232
183
187
235
171
206
225
221
177
163
37
60
61
48
24
41
56
58
54
58
48
47
74
47
31
33
34
60
56
63
31
48
22
71
40
48
64
49
14
41
40
53
70
61
87
65
40
66
28
43
28
44
46
61
52
39
38
69
66
57
30
55
36
48
54
52
49
42
56
42
67
23
43
86
66
59
13
43
55
39
40
70
60
64
53
65
64
65
40
34
59
35
47
50
57
56
53
46
36
64
33
64
70
56
32
42
42
37
48
36
52
26
49
30
14
30
46
35
39
61
44
17
55
79
67
54
52
61
83
24
50
61
38
26
86
67
78
51
58
35
46
50
33
43
42
45
44
48
57
50
56
17
64
46
62
47
69
71
55
38
39
45
27
71
57
46
61
13
40
39
71
54
37
64
38
42
47
36
50
39
57
59
25
35
26
36
50
40
55
57
28
66
79
30
50
54
28
38
44
34
11
38
71
68
49
60
32
56
52
30
19
75
20
43
35
71
43
16
37
78
52
44
66
80
15
67
40
62
61
69
39
54
44
46
70
21
53
43
37
75
78
45
33
67
17
54
53
63
59
31
54
54
54
63
40
50
78
53
36
48
37
56
53
28
30
52
13
18
5
1
9
12
16
23
18
7
15
21
1
18
10
19
7
10
4
3
22
17
0
2
23
3
13
17
19
9
22
8
15
15
3
21
16
18
2
22
17
17
1
13
21
0
3
23
7
20
23
24
16
9
13
9
23
1
6
1
9
3
8
13
22
9
3
0
2
14
24
20
6
23
24
3
15
15
24
9
0
11
4
16
14
23
6
5
2
4
10
6
3
20
24
24
11
2
5
22
3
23
5
17
18
5
23
18
1
16
14
18
0
4
8
2
0
11
12
18
5
11
10
14
15
16
12
10
6
24
20
20
12
20
15
14
21
24
19
23
15
20
23
7
0
3
13
24
24
13
11
18
3
19
2
4
6
14
16
7
14
3
5
6
5
17
15
7
2
7
20
17
6
20
22
13
24
19
9
0
8
11
11
9
16
4
13
5
22
13
12
22
16
18
18
14
4
11
24
18
22
7
0
1
5
21
19
10
7
4
3
22
20
21
7
0
15
10
17
12
19
11
16
6
9
9
13
18
24
5
1
12
14
21
10
11
4
17
10
11
8
13
23
23
11
1
3
8
4
19
16
4
23
24
22
17
19
19
16
12
2
22
24
11
1
11
1
0
12
13
4
14
4
23
12
16
6
6
9
18
12
5
5
18
11
23
20
16
24
14
4
18
20
11
11
22
7
15
24
7
24
17
11
13
15
6
21
22
4
15
24
22
8
17
3
12
8
16
1
9
5
15
15
24
3
0
15
17
13
24
8
2
13
16
10
11
10
15
9
23
1
14
22
19
9
14
11
19
10
18
12
6
11
1
16
8
8
14
22
20
1
12
5
15
13
16
21
14
20
19
10
21
9
15
20
12
6
16
9
1
14
2
21
5
16
10
5
11
2
15
19
1
4
21
0
23
17
1
7
11
5
22
11
14
16
5
4
1
10
5
16
18
6
2
11
11
0
1
12
1
19
9
0
2
7
2
21
16
8
9
15
3
10
13
6
10
9
24
12
16
19
4
9
12
3
2
7
5
19
15
13
8
21
20
21
17
15
20
14
18
15
8
14
17
14
1
21
16
8
23
14
16
18
22
22
21
4
5
9
6
0
4
24
22
23
16
19
3
11
0
9
18
0
1
19
6
22
22
22
20
21
12
15
19
17
20
17
24
19
5
4
23
17
2
19
20
12
14
6
3
13
21
12
0
10
0
20
20
7
15
2
9
11
0
22
10
10
17
2
13
6
19
14
6
7
18
18
1
11
19
2
16
22
6
10
19
2
14
19
15
12
15
8
21
0
7
4
6
23
18
17
6
15
0
20
11
1
19
18
24
12
21
7
7
16
17
23
13
24
5
21
21
5
16
12
22
14
18
3
3
17
9
10
3
12
4
18
11
5
8
12
2
24
20
10
17
7
17
20
13
10
22
7
7
16
5
21
19
0
4
4
5
16
0
12
12
8
15
12
4
24
23
15
9
23
6
16
9
0
24
10
3
23
18
15
8
8
5
20
5
13
18
5
6
3
24
0
20
23
1
7
5
21
0
16
13
7
3
15
14
15
10
23
9
7
16
22
14
1
7
14
3
18
1
6
10
9
1
12
4
5
1
9
21
12
13
16
9
13
7
3
17
2
21
10
22
23
18
16
0
2
18
4
4
17
13
13
23
20
24
19
16
0
16
10
4
6
21
23
0
10
19
9
16
8
6
11
3
12
10
14
2
19
4
1
20
7
8
11
8
4
2
3
2
12
14
0
12
14
21
20
16
24
21
6
17
24
8
0
17
18
1
22
19
5
8
10
9
1
21
14
20
8
19
18
7
13
4
12
1
7
7
2
3
21
21
24
9
16
0
3
1
14
0
14
15
10
1
4
20
24
8
19
20
22
10
9
2
9
5
0
2
6
15
8
8
21
15
24
18
11
16
15
10
10
13
6
15
7
12
23
24
13
24
19
24
6
6
1
2
19
9
20
19
5
15
14
6
17
22
23
0
13
24
5
19
21
4
22
22
9
15
12
3
9
19
22
4
3
24
13
4
3
5
19
19
22
17
10
21
0
10
8
3
6
18
14
15
10
12
6
15
13
2
6
16
21
6
24
24
23
24
10
21
23
16
5
1
12
6
2
13
19
10
18
20
1
7
6
3
19
19
1
15
22
5
4
22
20
24
18
1
16
15
22
6
13
4
0
14
5
6
24
19
16
15
1
22
4
14
22
14
23
4
19
17
5
4
18
13
23
12
4
11
22
18
18
20
0
19
19
15
3
4
9
20
22
2
8
16
5
10
20
2
24
5
16
11
6
13
10
24
3
11
7
7
7
15
7
1
15
18
13
6
