El presupuesto total es de: 270

	Nº Propuesta	Nº Grupo	Presupuesto	Prioridad	Impacto	       Beneficio
-----------------------------------------------------------------------------------------------------------
	     3	          1	           14	            3	           3	         29.166666666666664
	     1	          1	           38	            1	           9	         262.5
	     5	          2	           46	            1	           6	         96.0
	     2	          1	           51	            2	           2	         29.166666666666668
	     6	          3	           51	            1	           3	         22.5
	     4	          3	           61	            2	           1	         3.75
